      0.05      0.00
      0.15      0.00
      0.25      0.00
      0.35      0.00
      0.45      0.00
      0.55      0.00
      0.65      0.00
      0.75      0.00
      0.85      0.00
      0.95      0.00
      1.05      0.00
      1.15      0.00
      1.25      0.00
      1.35      0.00
      1.45      0.00
      1.55      0.00
      1.65      0.00
      1.75      0.00
      1.85      0.00
      1.95      0.00
      2.05      0.00
      2.15      0.00
      2.25      0.00
      2.35      0.00
      2.45      0.00
      2.55      0.00
      2.65      0.00
      2.75      0.00
      2.85      0.00
      2.95      0.00
      3.05      0.00
      3.15      0.00
      3.25      0.00
      3.35     20.11
      3.45     46.53
      3.55     58.26
      3.65     65.45
      3.75     70.11
      3.85     73.13
      3.95     74.97
      4.05     75.94
      4.15     76.25
      4.25     76.04
      4.35     75.42
      4.45     74.49
      4.55     73.29
      4.65     71.90
      4.75     70.35
      4.85     68.68
      4.95     66.92
      5.05     65.09
      5.15     63.21
      5.25     61.31
      5.35     59.38
      5.45     57.46
      5.55     55.54
      5.65     53.64
      5.75     51.76
      5.85     49.90
      5.95     48.08
      6.05     46.30
      6.15     44.55
      6.25     42.85
      6.35     41.18
      6.45     39.57
      6.55     38.00
      6.65     36.47
      6.75     35.00
      6.85     33.57
      6.95     32.18
      7.05     30.84
      7.15     29.55
      7.25     28.31
      7.35     27.11
      7.45     25.95
      7.55     24.83
      7.65     23.76
      7.75     22.73
      7.85     21.74
      7.95     20.78
      8.05     19.87
      8.15     18.99
      8.25     18.14
      8.35     17.33
      8.45     16.56
      8.55     15.81
      8.65     15.10
      8.75     14.42
      8.85     13.76
      8.95     13.14
      9.05     12.54
      9.15     11.96
      9.25     11.41
      9.35     10.89
      9.45     10.38
      9.55      9.90
      9.65      9.44
      9.75      9.00
      9.85      8.58
      9.95      8.18
     10.05      7.80
     10.15      7.43
     10.25      7.08
     10.35      6.75
     10.45      6.43
     10.55      6.13
     10.65      5.84
     10.75      5.56
     10.85      5.30
     10.95      5.04
     11.05      4.80
     11.15      4.57
     11.25      4.36
     11.35      4.15
     11.45      3.95
     11.55      3.76
     11.65      3.58
     11.75      3.41
     11.85      3.24
     11.95      3.09
     12.05      2.94
     12.15      2.79
     12.25      2.66
     12.35      2.53
     12.45      2.41
     12.55      2.29
     12.65      2.18
     12.75      2.07
     12.85      1.97
     12.95      1.88
     13.05      1.78
     13.15      1.70
     13.25      1.61
     13.35      1.54
     13.45      1.46
     13.55      1.39
     13.65      1.32
     13.75      1.26
     13.85      1.19
     13.95      1.14
     14.05      1.08
     14.15      1.03
     14.25      0.98
     14.35      0.93
     14.45      0.88
     14.55      0.84
     14.65      0.80
     14.75      0.76
     14.85      0.72
     14.95      0.68
     15.05      0.65
     15.15      0.62
     15.25      0.59
     15.35      0.56
     15.45      0.53
     15.55      0.50
     15.65      0.48
     15.75      0.46
     15.85      0.43
     15.95      0.41
     16.05      0.39
     16.15      0.37
     16.25      0.35
     16.35      0.33
     16.45      0.32
     16.55      0.30
     16.65      0.29
     16.75      0.27
     16.85      0.26
     16.95      0.25
     17.05      0.23
     17.15      0.22
     17.25      0.21
     17.35      0.20
     17.45      0.19
     17.55      0.18
     17.65      0.17
     17.75      0.16
     17.85      0.15
     17.95      0.15
     18.05      0.14
     18.15      0.13
     18.25      0.13
     18.35      0.12
     18.45      0.11
     18.55      0.11
     18.65      0.10
     18.75      0.10
     18.85      0.09
     18.95      0.09
     19.05      0.08
     19.15      0.08
     19.25      0.08
     19.35      0.07
     19.45      0.07
     19.55      0.06
     19.65      0.06
     19.75      0.06
     19.85      0.05
     19.95      0.05
