-55.000000 -27.000000 -14.000000
-53.000000 -45.000000 -24.000000
-47.000000 -9.000000 -36.000000
-44.000000 -51.000000 -21.000000
-35.000000 -30.000000 -24.000000
-29.000000 15.000000 -15.000000
-29.000000 -12.000000 -33.000000
-23.000000 -96.000000 -15.000000
-20.000000 -24.000000 -18.000000
-20.000000 36.000000 -15.000000
-11.000000 -93.000000 -15.000000
8.000000 36.000000 -18.000000
8.000000 -90.000000 -9.000000
17.000000 -30.000000 -15.000000
17.000000 -90.000000 -15.000000
23.000000 27.000000 -12.000000
26.000000 -96.000000 -15.000000
26.000000 12.000000 -12.000000
32.000000 33.000000 -6.000000
32.000000 -15.000000 -30.000000
44.000000 -48.000000 -15.000000
47.000000 -6.000000 -33.000000
50.000000 -36.000000 -24.000000
53.000000 -33.000000 -14.000000
62.000000 -27.000000 -15.000000
-52.000000 -25.000000 41.000000
-44.000000 -34.000000 44.000000
-39.000000 -22.000000 52.000000
-38.000000 -30.000000 66.000000
-38.000000 -18.000000 66.000000
-29.000000 -45.000000 57.000000
-23.000000 -33.000000 69.000000
-21.000000 -34.000000 58.000000
-17.000000 -48.000000 69.000000
-14.000000 -21.000000 39.000000
-14.000000 -21.000000 72.000000
-8.000000 -54.000000 57.000000
-8.000000 -24.000000 63.000000
-8.000000 -36.000000 69.000000
-1.000000 -18.000000 46.000000
1.000000 -31.000000 58.000000
2.000000 -21.000000 57.000000
8.000000 -6.000000 45.000000
8.000000 -48.000000 69.000000
8.000000 -21.000000 72.000000
11.000000 -36.000000 72.000000
18.000000 -32.000000 58.000000
20.000000 -45.000000 66.000000
26.000000 -21.000000 69.000000
26.000000 -42.000000 57.000000
35.000000 -21.000000 45.000000
39.000000 -24.000000 54.000000
41.000000 -12.000000 57.000000
44.000000 -33.000000 48.000000
47.000000 -24.000000 42.000000
-51.000000 -13.000000 24.000000
-48.000000 -14.000000 34.000000
34.000000 -13.000000 16.000000
48.000000 -10.000000 34.000000
62.000000 -12.000000 27.000000
-49.000000 5.000000 0.000000
-43.000000 -3.000000 10.000000
-33.000000 0.000000 6.000000
-17.000000 -9.000000 69.000000
-11.000000 -6.000000 42.000000
-6.000000 13.000000 36.000000
-4.000000 -2.000000 53.000000
5.000000 3.000000 51.000000
11.000000 -6.000000 69.000000
17.000000 -12.000000 63.000000
34.000000 6.000000 5.000000
35.000000 -3.000000 0.000000
47.000000 4.000000 3.000000
51.000000 -31.000000 34.000000
-58.000000 -27.000000 13.000000
-53.000000 -12.000000 12.000000
-51.000000 -24.000000 22.000000
-48.000000 -36.000000 24.000000
-47.000000 -28.000000 5.000000
-37.000000 -35.000000 16.000000
-29.000000 -29.000000 12.000000
30.000000 -29.000000 14.000000
41.000000 -26.000000 21.000000
53.000000 -9.000000 16.000000
55.000000 -19.000000 10.000000
56.000000 -21.000000 30.000000
62.000000 -36.000000 21.000000
-65.000000 -24.000000 -15.000000
-65.000000 -42.000000 -6.000000
-55.000000 -31.000000 -4.000000
-53.000000 -15.000000 -9.000000
-50.000000 0.000000 -24.000000
-47.000000 -43.000000 0.000000
-44.000000 -61.000000 18.000000
-44.000000 27.000000 -9.000000
-43.000000 -65.000000 31.000000
-41.000000 9.000000 -30.000000
-39.000000 -75.000000 22.000000
-38.000000 -75.000000 39.000000
-35.000000 15.000000 51.000000
-32.000000 -39.000000 -15.000000
-25.000000 -41.000000 -8.000000
-20.000000 39.000000 42.000000
-20.000000 57.000000 24.000000
-17.000000 57.000000 -3.000000
-17.000000 23.000000 54.000000
-12.000000 -41.000000 1.000000
-11.000000 -57.000000 14.000000
-11.000000 33.000000 54.000000
-11.000000 48.000000 42.000000
-11.000000 39.000000 12.000000
-8.000000 42.000000 27.000000
-7.000000 -56.000000 25.000000
-7.000000 45.000000 4.000000
-3.000000 -50.000000 12.000000
-3.000000 -39.000000 42.000000
-3.000000 39.000000 -4.000000
-3.000000 32.000000 39.000000
-3.000000 36.000000 20.000000
5.000000 60.000000 3.000000
5.000000 -60.000000 33.000000
5.000000 48.000000 21.000000
5.000000 57.000000 27.000000
7.000000 -50.000000 29.000000
7.000000 37.000000 0.000000
8.000000 42.000000 -9.000000
8.000000 48.000000 9.000000
10.000000 -55.000000 16.000000
11.000000 48.000000 42.000000
11.000000 24.000000 60.000000
11.000000 30.000000 24.000000
14.000000 -64.000000 24.000000
20.000000 33.000000 42.000000
21.000000 27.000000 50.000000
26.000000 -39.000000 -11.000000
41.000000 -73.000000 26.000000
44.000000 12.000000 -24.000000
44.000000 -52.000000 28.000000
47.000000 30.000000 -6.000000
49.000000 -61.000000 34.000000
50.000000 -6.000000 -12.000000
50.000000 3.000000 -24.000000
62.000000 -15.000000 -15.000000
62.000000 -33.000000 -6.000000
-7.000000 -72.000000 38.000000
-3.000000 -37.000000 30.000000
1.000000 -27.000000 30.000000
3.000000 -50.000000 48.000000
10.000000 -67.000000 39.000000
-44.000000 -75.000000 -12.000000
-40.000000 -73.000000 -2.000000
-38.000000 -87.000000 -9.000000
-31.000000 -78.000000 -15.000000
-27.000000 -79.000000 16.000000
-25.000000 -89.000000 0.000000
-23.000000 -90.000000 15.000000
-17.000000 -68.000000 3.000000
-16.000000 -77.000000 30.000000
-15.000000 -53.000000 -2.000000
-14.000000 -72.000000 -9.000000
-14.000000 -90.000000 27.000000
-8.000000 -80.000000 5.000000
-3.000000 -81.000000 18.000000
5.000000 -72.000000 21.000000
6.000000 -81.000000 4.000000
8.000000 -72.000000 9.000000
14.000000 -87.000000 33.000000
14.000000 -77.000000 28.000000
17.000000 -48.000000 -9.000000
19.000000 -66.000000 1.000000
19.000000 -85.000000 -4.000000
23.000000 -87.000000 21.000000
25.000000 -79.000000 -16.000000
26.000000 -60.000000 -9.000000
27.000000 -77.000000 23.000000
35.000000 -84.000000 11.000000
35.000000 -81.000000 0.000000
38.000000 -73.000000 13.000000
40.000000 -66.000000 -8.000000
41.000000 -78.000000 -12.000000
-51.000000 -50.000000 39.000000
-45.000000 7.000000 24.000000
-43.000000 -2.000000 45.000000
-41.000000 33.000000 24.000000
-41.000000 -56.000000 41.000000
-41.000000 20.000000 31.000000
-40.000000 2.000000 33.000000
-40.000000 40.000000 2.000000
-33.000000 49.000000 9.000000
-28.000000 -59.000000 44.000000
-23.000000 6.000000 63.000000
-4.000000 21.000000 46.000000
23.000000 39.000000 -9.000000
29.000000 9.000000 57.000000
31.000000 -55.000000 42.000000
32.000000 48.000000 -6.000000
35.000000 -66.000000 38.000000
36.000000 37.000000 20.000000
37.000000 13.000000 42.000000
41.000000 -55.000000 45.000000
41.000000 43.000000 4.000000
44.000000 5.000000 35.000000
45.000000 19.000000 30.000000
46.000000 -45.000000 44.000000
56.000000 -54.000000 -12.000000
-38.000000 45.000000 21.000000
-34.000000 16.000000 3.000000
-27.000000 46.000000 25.000000
-11.000000 21.000000 27.000000
-2.000000 10.000000 45.000000
-1.000000 25.000000 30.000000
4.000000 18.000000 39.000000
9.000000 -41.000000 48.000000
9.000000 17.000000 30.000000
24.000000 43.000000 31.000000
29.000000 27.000000 30.000000
29.000000 49.000000 20.000000
32.000000 12.000000 -3.000000
34.000000 17.000000 7.000000
35.000000 27.000000 3.000000
39.000000 -5.000000 48.000000
45.000000 17.000000 14.000000
52.000000 -47.000000 36.000000
27.000000 -10.000000 -2.000000
-27.000000 -13.000000 -2.000000
27.000000 -11.000000 10.000000
-27.000000 -13.000000 10.000000
12.000000 13.000000 -1.000000
-12.000000 13.000000 -1.000000
11.000000 13.000000 10.000000
-13.000000 13.000000 10.000000
13.000000 -5.000000 20.000000
-15.000000 -5.000000 20.000000
24.000000 -2.000000 2.000000
-27.000000 -4.000000 -1.000000
24.000000 1.000000 10.000000
-24.000000 4.000000 10.000000
18.000000 -8.000000 -1.000000
-18.000000 -8.000000 -1.000000
18.000000 -31.000000 2.000000
-18.000000 -31.000000 2.000000
13.000000 -22.000000 2.000000
-13.000000 -22.000000 2.000000
15.000000 -25.000000 10.000000
-18.000000 -25.000000 10.000000
12.000000 -17.000000 13.000000
-15.000000 -17.000000 13.000000
3.000000 -11.000000 10.000000
-3.000000 -13.000000 10.000000
9.000000 -11.000000 4.000000
-9.000000 -13.000000 2.000000
-54.000000 -51.000000 8.000000
-53.000000 -41.000000 12.000000
-47.000000 21.000000 2.000000
-11.000000 6.000000 66.000000
49.000000 -35.000000 9.000000
49.000000 -31.000000 -2.000000
50.000000 27.000000 6.000000
51.000000 -45.000000 22.000000
53.000000 -48.000000 12.000000
-50.000000 -63.000000 3.000000
-40.000000 -60.000000 -10.000000
-32.000000 -48.000000 44.000000
-32.000000 -5.000000 53.000000
-26.000000 -71.000000 33.000000
-17.000000 -60.000000 60.000000
8.000000 -63.000000 57.000000
20.000000 -66.000000 45.000000
23.000000 -60.000000 57.000000
26.000000 -9.000000 54.000000
44.000000 -60.000000 4.000000
-29.530000 -76.640000 -38.360000
31.530000 -80.150000 -37.190000
-22.120000 -74.980000 -28.620000
23.670000 -75.480000 -27.620000
-4.500000 -51.000000 -39.000000
8.560000 -50.390000 -37.870000
-8.750000 -77.030000 -28.430000
10.320000 -77.240000 -28.020000
-31.250000 -70.750000 -47.530000
33.620000 -71.450000 -46.110000
-28.310000 -65.370000 -30.090000
31.000000 -63.000000 -29.000000
-40.740000 -59.530000 -30.030000
42.250000 -60.440000 -28.220000
-31.450000 -42.280000 -42.090000
39.020000 -45.050000 -34.980000
-30.330000 -50.750000 -48.250000
31.690000 -49.510000 -47.730000
-11.250000 -51.910000 -47.890000
14.530000 -48.360000 -49.000000
0.710000 -73.380000 -25.170000
-4.660000 -73.040000 -41.380000
8.150000 -71.320000 -38.150000
-9.030000 -61.980000 -18.090000
10.050000 -62.190000 -17.670000
-11.010000 -44.840000 -17.140000
11.890000 -45.090000 -16.640000
