#simulate_test 512 -N1000 -m8
#$Id: simulate_test.c,v 1.12 2016/06/16 02:07:41 avi Exp avi $
 79.257965
 76.484062
 75.821365
 80.767326
 78.443527
 80.750290
 76.195503
 78.481995
 78.242897
 81.603531
 77.289299
 79.127159
 78.900032
 77.170860
 78.591972
 75.285042
 77.007965
 79.920906
 76.679398
 77.768860
 77.081375
 76.527328
 75.915573
 75.834892
 76.936211
 80.285957
 78.662964
 77.210930
 77.506363
 77.207031
 75.670311
 76.267624
 76.584175
 78.313072
 75.304581
 77.076118
 75.098740
 78.216400
 76.343178
 75.140450
 77.515518
 74.868286
 77.063065
 77.415192
 77.232216
 76.216972
 77.228806
 77.475006
 77.333542
 77.459969
 78.170143
 80.785179
 75.822411
 75.370361
 75.526245
 78.327972
 78.359352
 78.384010
 77.103500
 76.320671
 75.671219
 77.691422
 77.666176
 75.708893
 79.041893
 74.127983
 76.210739
 76.671692
 77.812210
 77.809967
 77.131577
 77.185463
 76.606552
 74.678368
 77.255539
 74.303429
 75.357086
 74.518562
 79.172241
 76.899147
 80.654846
 77.121780
 78.274574
 75.335159
 77.830177
 79.041702
 77.571091
 76.358757
 76.151680
 76.361176
 78.157440
 76.532074
 78.936249
 75.774796
 75.022141
 78.455147
 77.199791
 78.658104
 75.637810
 78.735931
 78.562592
 78.095261
 77.988342
 78.053505
 77.833641
 78.074455
 76.878685
 77.507767
 76.995316
 78.372910
 76.429344
 77.990456
 77.970314
 74.475716
 76.716888
 77.556664
 78.708672
 77.863724
 76.902199
 78.698807
 78.705482
 79.047958
 77.225800
 78.277176
 77.830894
 76.536865
 78.848007
 76.054237
 76.160919
 79.525841
 78.720215
 74.814255
 76.343712
 77.628075
 74.241905
 82.810211
 76.407600
 77.199013
 78.565811
 80.174126
 77.088280
 78.012733
 78.419632
 78.120598
 77.093330
 76.109535
 73.058525
 76.963699
 77.513908
 82.564613
 78.107109
 76.802544
 78.488846
 80.321838
 74.864418
 78.308861
 79.515190
 76.089867
 76.702522
 75.412003
 79.363060
 75.918785
 76.668442
 79.705795
 75.032356
 81.422943
 72.613838
 76.654007
 78.807785
 76.484016
 76.588875
 74.905098
 78.603294
 76.864357
 75.720032
 80.554398
 76.312180
 81.740913
 78.114799
 79.323990
 75.965523
 75.318031
 76.968224
 76.332306
 76.945831
 77.289452
 77.359367
 81.526772
 76.972977
 77.579094
 79.294670
 78.912651
 80.824837
 75.643768
 77.110641
 78.928932
 76.996635
 76.175514
 80.474541
 76.476944
 75.858559
 77.611595
 75.517883
 77.621246
 77.639160
 78.740273
 76.519302
 78.498169
 76.946342
 75.608398
 77.306511
 77.158623
 76.327896
 76.990891
 74.967918
 76.221016
 77.691574
 76.795944
 77.709778
 78.536293
 77.890724
 75.218163
 78.901489
 78.036819
 77.158981
 75.374504
 75.776260
 74.984505
 77.387894
 77.988747
 81.346138
 78.843231
 74.186165
 76.723999
 80.057121
 79.395340
 78.314949
 75.435074
 79.494682
 75.355911
 74.153870
 77.972168
 79.924591
 75.408844
 74.181656
 77.705681
 76.356903
 78.448257
 77.339172
 76.078667
 76.899254
 77.933372
 80.390640
 77.090034
 78.297249
 76.979790
 73.882858
 79.011047
 81.330467
 75.537529
 79.203781
 79.187584
 78.213005
 77.240196
 77.069008
 77.579781
 79.382965
 83.759193
 76.666901
 77.429741
 78.429756
 75.978462
 76.803673
 76.576653
 76.780945
 73.809105
 77.357147
 77.272896
 77.842506
 80.786369
 78.483650
 74.581474
 78.409729
 79.436417
 76.730049
 76.392136
 77.897820
 76.520607
 81.608376
 79.620018
 78.528931
 76.693489
 76.731796
 79.298714
 77.166985
 75.632355
 79.341072
 79.161018
 76.354774
 75.587433
 78.150955
 75.709396
 77.003616
 76.841721
 77.616150
 78.236969
 74.960258
 77.792999
 76.041954
 75.903389
 78.113052
 79.927147
 80.452171
 76.394852
 75.355598
 77.248024
 77.024513
 78.771416
 75.375229
 82.120110
 77.521477
 79.369698
 78.679657
 76.376305
 75.869400
 76.650345
 78.249451
 75.818504
 76.066650
 78.687019
 77.384346
 77.622520
 76.904465
 79.155312
 76.953812
 80.419899
 74.014557
 76.076584
 77.984940
 78.681595
 76.320938
 79.796677
 79.618828
 81.050880
 77.072411
 75.904114
 75.508415
 74.931671
 76.679161
 76.269386
 75.364532
 72.770432
 76.988167
 76.248871
 82.046822
 80.215668
 76.531563
 77.554657
 77.547783
 74.664291
 78.522972
 75.397842
 81.353775
 74.949196
 76.481682
 76.555893
 76.704315
 75.783592
 77.957123
 78.434166
 75.810402
 77.182945
 77.112846
 78.438644
 78.298424
 80.749512
 78.989853
 77.245483
 76.435974
 77.259880
 77.161385
 76.289619
 74.680649
 77.464607
 75.393349
 75.718475
 78.652847
 76.777374
 79.078194
 78.729240
 81.819366
 79.194794
 81.131714
 79.204094
 79.974731
 75.835571
 77.367943
 76.514053
 82.979538
 77.789406
 78.081871
 74.401138
 78.504036
 78.115776
 78.191116
 76.769455
 81.720871
 81.007904
 80.010574
 76.758949
 74.869423
 78.742424
 76.622780
 79.150536
 77.126381
 77.440269
 79.017029
 78.452423
 78.702454
 77.982948
 81.054771
 75.055389
 78.545845
 80.144279
 76.412201
 75.465012
 74.344849
 73.531113
 80.243591
 76.860802
 77.110260
 75.741524
 76.502556
 76.502487
 76.943405
 77.759903
 78.441490
 78.199188
 77.988213
 76.717995
 82.172516
 74.859795
 77.559334
 78.241631
 76.646873
 76.841385
 80.051315
 78.272316
 73.652679
 81.462524
 77.373032
 80.079117
 76.035942
 75.922020
 75.890854
 74.543625
 74.590050
 77.962990
 77.905121
 77.723038
 78.780380
 77.921371
 74.750481
 77.887573
 80.950951
 79.946793
 78.073624
 74.894241
 77.979210
 74.430382
 77.306885
 75.898788
 76.385323
 76.999916
 80.522316
 76.573151
 79.225769
 79.738388
 75.847618
 81.520218
 80.173782
 79.724449
 76.771912
 79.884941
 76.218887
 76.868912
 77.501030
 77.344482
 76.672783
 77.412331
 77.917648
 77.911957
 75.792427
 77.181351
 76.716637
 76.975418
 78.016754
 77.565933
 76.743088
 76.102867
 76.682747
 78.796570
 79.237869
 75.620316
 77.208519
 77.478333
 77.076416
 80.045883
 76.534233
 78.400635
 76.818237
 77.501579
 75.782936
 77.808296
 75.759064
 75.712311
 78.924164
 77.736877
 78.623596
 75.823242
 79.243309
 78.465660
 81.606514
 82.058174
 77.047081
 75.363617
 78.957169
 78.879608
 77.832016
 76.930481
 75.758171
 77.866333
 76.176819
 76.678116
 76.620842
 78.340858
 77.638229
 76.798485
 77.681503
 75.817955
 78.939796
 77.651840
 77.515152
 77.911392
 77.158401
 74.743965
 75.102196
 77.671005
 75.789551
 79.295723
 79.333443
 77.816277
 75.941521
 78.596542
 78.421928
 77.668564
 78.651855
 79.277428
 76.508537
 80.347412
 80.601479
 80.384399
 78.322769
 76.437080
 81.090538
 76.078911
 80.968208
 77.533127
 79.487869
 77.092194
 78.616920
 76.717117
 79.191917
 82.044022
 80.235481
 75.516098
 75.687042
 77.374641
 79.076653
 76.428383
 79.030983
 77.715958
 77.346672
 76.594711
 77.951988
 75.492310
 76.308632
 78.807846
 77.346771
 76.205750
 77.148857
 80.542732
 77.235580
 78.807823
 82.355644
 80.061844
 78.893753
 75.739578
 75.810608
 78.061165
 77.951523
 78.477509
 80.714119
 78.103752
 77.297302
 78.536942
 78.505013
 76.095451
 77.096260
 80.284950
 76.286217
 77.699959
 76.133835
 78.916222
 77.719788
 75.755188
 77.095291
 79.444839
 76.994255
 77.652611
 78.706322
 77.787994
 75.377121
 75.188622
 79.066574
 73.495148
 76.851959
 77.502136
 80.432365
 79.806007
 74.754013
 76.582573
 75.286179
 78.356087
 77.117889
 74.673615
 78.192383
 76.631088
 76.333252
 76.693413
 75.446732
 75.634651
 75.150040
 77.703705
 77.988823
 78.066299
 75.050255
 77.537903
 78.929375
 78.514992
 77.198517
 79.368752
 77.341843
 74.534424
 77.227478
 76.452118
 75.851608
 78.124825
 78.126099
 76.975899
 77.739975
 77.274841
 78.646774
 77.279701
 77.166992
 82.234718
 76.242935
 76.451447
 77.474655
 74.815651
 73.513512
 80.661469
 77.498886
 77.565071
 74.139641
 77.359077
 76.174927
 76.000137
 77.381149
 78.092255
 77.707573
 76.546402
 81.841698
 76.212738
 77.828552
 75.604675
 77.058693
 77.785988
 76.551933
 76.181763
 75.427223
 77.424301
 77.691513
 74.145683
 75.407120
 79.293152
 75.453842
 76.281754
 73.869339
 77.244774
 78.150536
 76.198685
 77.326416
 74.678345
 76.995705
 79.190315
 77.158287
 76.509575
 78.474815
 77.354866
 80.425972
 74.887115
 73.757645
 78.264763
 75.836601
 75.433784
 76.578087
 77.268738
 75.281776
 77.264816
 78.503304
 80.428925
 78.319588
 76.717270
 76.256226
 77.664581
 81.002174
 75.987434
 79.142845
 76.899521
 79.561935
 78.436188
 78.094780
 76.221008
 75.926353
 77.668549
 76.957520
 76.584572
 74.733856
 78.072174
 77.880424
 77.044693
 75.887863
 76.039398
 75.900040
 78.281227
 80.043938
 73.025703
 77.032295
 80.279205
 76.063423
 76.951355
 76.761375
 78.196999
 75.287460
 74.963493
 78.376060
 76.695198
 76.707779
 77.366432
 76.317505
 76.418701
 78.539322
 79.891769
 78.376701
 75.243073
 77.301949
 79.166672
 82.971130
 77.446320
 76.210014
 74.973824
 77.304108
 80.254753
 76.242935
 79.773254
 75.352135
 83.297661
 75.117439
 77.340691
 80.259705
 77.414314
 79.972984
 78.189590
 76.179825
 76.506050
 77.971001
 76.457932
 80.712318
 75.860039
 76.726013
 76.482376
 78.512100
 75.028099
 79.813431
 77.984047
 76.933502
 79.289307
 76.681015
 76.756432
 79.101570
 77.845436
 76.152946
 75.897987
 78.462723
 78.090683
 76.958908
 77.923042
 76.615555
 76.294098
 76.599129
 75.178436
 74.944008
 81.456726
 76.672691
 74.866158
 77.564980
 77.968170
 75.811165
 76.394028
 78.024818
 77.924614
 76.064713
 77.575157
 79.143837
 78.501884
 73.963318
 76.208565
 78.380112
 77.962173
 82.603477
 79.630470
 78.419464
 74.140366
 77.184830
 78.875328
 72.927658
 79.315163
 79.169418
 76.817703
 76.198936
 77.126251
 80.599899
 78.729767
 78.935089
 77.844292
 78.385353
 79.091995
 81.117226
 74.639099
 82.206871
 75.698059
 77.986885
 77.380577
 79.185265
 79.426750
 75.453270
 79.475334
 77.854240
 77.373940
 76.344017
 76.130264
 79.602638
 78.615440
 74.957794
 76.239891
 75.568207
 75.633430
 74.958313
 79.198936
 77.251564
 77.626717
 77.460320
 75.831856
 81.956940
 77.374847
 79.137276
 76.804207
 75.934258
 82.655403
 79.020386
 78.073524
 76.445473
 78.090523
 76.370216
 77.592644
 81.201111
 77.038315
 77.544197
 79.133980
 81.119171
 78.171387
 76.374374
 77.406883
 78.844688
 78.130852
 78.315956
 75.115425
 77.773010
 75.992622
 78.053230
 74.957497
 77.038811
 75.178223
 79.856102
 77.364647
 76.996567
 76.076698
 79.317757
 75.619217
 78.949600
 76.268990
 76.731674
 76.840233
 76.201416
 80.301941
 75.883751
 78.920349
 77.618935
 79.183571
 77.835175
 74.217354
 76.560837
 78.440041
 79.391808
 79.307465
 75.269394
 77.210548
 78.325294
 77.624100
 76.129570
 78.627647
 77.512970
 75.793747
 78.252228
 79.645119
 76.516235
 78.062408
 76.920204
 76.993675
 77.450882
 77.869003
 81.155312
 77.050148
 76.866356
 77.242996
 76.822456
 75.888855
 78.433800
 78.319397
 77.085068
 75.232910
 74.835121
 77.725967
 80.044647
 76.809464
 80.183640
 76.255112
 77.668365
 77.653206
 77.177170
 79.163391
 78.770180
 78.189560
 79.419975
 77.870880
 76.748245
 77.388916
 76.941505
 76.035271
 77.110771
 78.783371
 78.466812
 75.884094
 79.994667
 77.130142
 77.159325
 78.495911
 77.885300
 75.765457
 75.917801
 78.063484
 76.903130
 77.593292
 79.394661
 76.125099
 77.189026
 76.775406
 77.132477
 80.861572
 81.934288
 78.429855
 78.928055
 80.093895
 77.194580
 76.811363
 79.424126
 81.376984
 76.286179
 76.534424
