0.3687 0.6083
-0.0983 0.5650
-0.0195 0.5961
0.2768 0.5884
-0.1514 0.5939
-0.2576 0.5797
0.3230 0.6132
-0.3363 0.5680
0.1723 0.6368
0.1345 0.6159
0.2317 0.6513
-0.0989 0.5700
-0.1474 0.6040
0.2250 0.5828
0.1213 0.6039
0.1259 0.5909
0.2362 0.6025
0.0937 0.5799
0.2356 0.6048
-0.0235 0.6006
0.2405 0.5963
-0.1483 0.6335
0.2669 0.5792
0.0075 0.6079
-0.2021 0.5795
-0.2963 0.5945
0.1138 0.5988
0.1536 0.6119
0.0902 0.5873
-0.1141 0.5852
0.2857 0.6077
0.0425 0.6150
-0.1525 0.6085
0.0051 0.6661
-0.1987 0.5692
0.0673 0.5876
-0.2554 0.5971
0.1831 0.6164
-0.0866 0.5783
0.2575 0.5979
0.0925 0.5827
-0.3243 0.5776
-0.1794 0.6177
0.1026 0.5607
-0.1219 0.6520
-0.1379 0.6063
0.0156 0.6174
-0.1310 0.6045
-0.2988 0.5988
-0.2037 0.6167
0.3918 0.5599
0.2396 0.5785
-0.0082 0.6008
0.0478 0.5950
-0.0638 0.5847
0.0005 0.6048
0.1250 0.5961
0.1263 0.6016
-0.0528 0.6133
0.1319 0.5924
0.2486 0.5968
0.0484 0.6015
-0.2082 0.6048
0.2547 0.6070
-0.4409 0.5875
0.1427 0.5942
-0.2091 0.6424
0.1813 0.5987
-0.0130 0.6375
0.2018 0.5973
-0.3316 0.5999
0.1970 0.6106
-0.1558 0.6123
-0.2308 0.5882
-0.1161 0.6214
-0.1062 0.5837
-0.0383 0.5761
0.1246 0.6224
-0.1508 0.6030
0.0187 0.5635
0.0568 0.5874
-0.0773 0.5965
0.0738 0.5884
0.0131 0.5907
0.2251 0.5547
0.1701 0.5930
-0.0098 0.5894
-0.2009 0.5773
-0.1667 0.6104
-0.0528 0.6066
-0.2130 0.5868
0.0417 0.6065
-0.3042 0.6070
-0.0037 0.6040
-0.2424 0.6023
0.0185 0.5917
0.0331 0.6178
-0.1924 0.5885
0.0429 0.6146
0.0236 0.5995
-0.2340 0.6066
0.0107 0.6236
0.0683 0.6054
0.0303 0.5954
-0.1634 0.6034
-0.4405 0.5812
-0.0475 0.6089
0.0312 0.6044
-0.1116 0.6238
-0.0514 0.5763
-0.0335 0.5916
0.0812 0.6433
-0.0443 0.6104
0.1191 0.6041
0.2238 0.5949
-0.2890 0.6181
0.0187 0.6753
-0.1135 0.5597
0.1840 0.5815
-0.0453 0.6085
0.1545 0.5909
-0.0513 0.6213
-0.0434 0.6448
-0.1262 0.6152
0.1989 0.6075
0.0833 0.6216
-0.0323 0.6146
0.0841 0.6276
0.0948 0.6038
0.0763 0.6177
0.0403 0.6223
0.0996 0.6088
0.0553 0.6317
-0.1557 0.5667
-0.0960 0.6166
0.0081 0.5720
0.1756 0.5949
0.2220 0.6041
-0.1781 0.6166
0.2161 0.6016
-0.0309 0.6050
-0.1295 0.6024
-0.0543 0.6020
-0.2215 0.6171
-0.0056 0.6201
0.1134 0.6258
-0.1743 0.5943
-0.0733 0.5745
0.0414 0.5905
0.4536 0.5978
0.2334 0.5918
-0.0226 0.5794
-0.2021 0.6151
0.2161 0.6133
-0.2257 0.6134
-0.0118 0.5729
-0.0033 0.6166
0.0521 0.5907
0.0528 0.6004
0.0502 0.6467
0.1455 0.6043
0.0536 0.6148
-0.1788 0.5946
-0.4310 0.5935
0.1166 0.6032
0.2828 0.6143
-0.2912 0.5923
0.1479 0.5873
-0.0064 0.6298
0.1493 0.6269
-0.3603 0.5830
0.1650 0.5838
-0.0362 0.6017
0.0726 0.5939
0.0751 0.6107
-0.0293 0.6035
0.0766 0.5919
-0.1950 0.6145
0.0302 0.6009
-0.0690 0.6289
0.0903 0.6302
0.1044 0.6203
0.2418 0.6022
-0.1875 0.5938
0.1039 0.5775
-0.0728 0.5656
0.0428 0.6250
-0.0735 0.6155
0.0977 0.6135
0.1298 0.5727
0.1489 0.5948
0.2119 0.6140
-0.1007 0.6230
0.1078 0.5620
0.2996 0.5691
-0.0466 0.6239
-0.1020 0.6353
-0.5729 0.5987
0.2745 0.6262
-0.0836 0.6234
-0.1771 0.6373
-0.1319 0.5999
0.2224 0.5830
0.2284 0.5955
-0.0033 0.5954
-0.1204 0.5818
-0.1798 0.5991
0.1201 0.6032
0.0152 0.6174
-0.0666 0.6028
0.4746 0.5659
0.0000 0.6263
-0.1464 0.5831
-0.0342 0.6148
0.0217 0.5883
0.4078 0.5840
0.0442 0.6019
-0.0070 0.5762
0.1074 0.6037
-0.1112 0.6093
0.0842 0.6051
0.1564 0.6213
-0.1154 0.6052
-0.1693 0.5799
-0.0561 0.5675
-0.1309 0.6048
-0.0033 0.5986
0.2826 0.5946
0.1157 0.6272
-0.1152 0.6000
-0.3336 0.5674
-0.2222 0.5718
-0.2102 0.5614
0.0363 0.5854
0.0654 0.6165
-0.1435 0.5863
0.2489 0.6086
-0.0472 0.5861
0.0245 0.5799
-0.1381 0.5862
-0.1608 0.6085
-0.0489 0.6283
-0.0499 0.5855
0.0050 0.5920
0.1056 0.6204
-0.1031 0.5928
0.2750 0.5968
0.1307 0.5990
-0.0694 0.6145
-0.0646 0.6258
-0.2061 0.6163
-0.0405 0.6256
-0.0070 0.6230
-0.3958 0.5930
0.1550 0.6531
0.0615 0.6050
0.2346 0.6131
-0.0068 0.5909
-0.1401 0.6039
-0.0940 0.6006
-0.0467 0.6304
0.0221 0.6170
-0.1169 0.5999
-0.1190 0.6088
-0.3510 0.5584
0.2201 0.6023
-0.0477 0.5700
0.2744 0.5814
0.4481 0.5835
0.1411 0.6078
0.2058 0.5945
-0.0160 0.6131
-0.0976 0.6106
0.2737 0.6013
0.0442 0.6100
-0.2501 0.6105
-0.1658 0.5875
-0.1378 0.6049
-0.0130 0.5873
0.0238 0.6003
-0.0909 0.6264
-0.0690 0.6326
-0.0012 0.6028
0.2545 0.5933
-0.0404 0.5951
-0.0837 0.6371
0.0746 0.6146
-0.0005 0.6307
0.0957 0.5984
-0.0684 0.5782
-0.0310 0.5790
-0.1533 0.6174
-0.1539 0.5744
0.1628 0.5952
0.2101 0.6113
-0.2705 0.5885
0.0090 0.6042
0.0005 0.6007
0.0868 0.5916
0.1358 0.6075
-0.1037 0.6102
0.0977 0.6064
0.0035 0.6315
0.0844 0.6342
0.1365 0.6260
0.1909 0.5781
0.1750 0.5902
-0.0811 0.6031
-0.3510 0.5907
-0.0032 0.5678
-0.1467 0.6110
-0.3313 0.5834
0.1808 0.5919
0.1476 0.5863
0.0335 0.6076
-0.1955 0.6183
0.0713 0.5881
0.0367 0.6144
0.0646 0.6073
-0.1585 0.6133
-0.1653 0.6228
0.0029 0.6021
-0.0092 0.5989
0.0048 0.5997
0.1244 0.5691
0.0417 0.6067
0.0265 0.5649
-0.1656 0.5875
-0.1661 0.5773
0.0734 0.6350
-0.0982 0.6090
-0.1216 0.5976
-0.0113 0.5929
-0.1684 0.5633
-0.2059 0.6221
0.0872 0.6010
0.0391 0.6004
-0.2467 0.6105
0.0691 0.6120
0.3293 0.5633
0.0975 0.6005
-0.0053 0.5883
-0.0346 0.5950
-0.0223 0.5694
0.1662 0.5944
0.1369 0.5555
0.1453 0.5689
0.1091 0.6130
-0.0165 0.5955
-0.0046 0.5801
0.0932 0.5794
-0.1459 0.6116
-0.1535 0.6047
0.0553 0.5869
0.0585 0.6091
0.2012 0.5980
0.0096 0.5826
0.3646 0.5967
0.0545 0.6240
-0.1626 0.5951
-0.0728 0.5832
-0.0743 0.5847
0.1430 0.6001
-0.0138 0.6287
0.0205 0.5603
-0.2261 0.5673
0.1289 0.5995
0.1192 0.6427
-0.0974 0.5946
-0.3314 0.6190
-0.1267 0.5864
0.1632 0.6265
-0.2537 0.6030
0.0003 0.6025
-0.0667 0.6195
0.0094 0.5942
-0.0100 0.6284
0.0537 0.5960
0.1259 0.5627
-0.1134 0.6276
-0.0905 0.6001
0.3033 0.5794
0.0594 0.6245
-0.1457 0.6279
0.0333 0.6021
-0.0070 0.6195
0.1578 0.6248
-0.1534 0.6398
0.0638 0.6077
-0.0294 0.6041
0.1946 0.6082
0.2945 0.5960
-0.0865 0.6314
-0.0277 0.5936
-0.1497 0.6081
0.0576 0.6045
0.2416 0.6019
0.2456 0.6368
0.0153 0.6050
-0.1415 0.5923
0.1199 0.5775
0.0610 0.6321
0.0756 0.6094
-0.0953 0.6052
0.1449 0.6180
0.1190 0.5747
0.0543 0.5873
0.3358 0.6231
-0.0619 0.5973
-0.3970 0.6141
0.2208 0.5715
0.2238 0.5903
-0.1036 0.6114
-0.0482 0.5791
-0.0999 0.5835
0.0170 0.5988
-0.3077 0.5986
-0.0374 0.6284
0.0542 0.5915
0.0390 0.6172
-0.2292 0.6029
0.0951 0.5991
-0.1248 0.5946
-0.0731 0.6384
-0.0765 0.5965
0.4585 0.6056
0.0218 0.6038
-0.2147 0.6072
0.1787 0.5917
-0.1083 0.5693
-0.3063 0.5789
0.1710 0.6070
-0.2023 0.5696
0.0506 0.5981
-0.1398 0.6163
-0.2815 0.5984
-0.1082 0.5857
0.0392 0.5845
-0.3211 0.5494
0.0621 0.5830
0.2601 0.5698
0.0597 0.6239
-0.0069 0.5807
0.4461 0.5838
0.2720 0.5520
0.1749 0.5911
-0.0736 0.5991
-0.2776 0.5904
0.1181 0.6193
0.0855 0.5796
0.0314 0.6052
-0.1756 0.6126
-0.1913 0.5749
-0.1447 0.6298
-0.0684 0.6170
0.1527 0.6122
0.1272 0.5920
-0.1552 0.6040
0.1211 0.5997
-0.1295 0.6015
-0.0696 0.6244
0.0072 0.5933
-0.0847 0.6059
-0.0970 0.5816
0.2583 0.6083
0.0101 0.6058
0.0484 0.6191
-0.3666 0.5938
0.1197 0.6405
-0.0902 0.5915
0.2015 0.6250
0.4777 0.5935
0.2633 0.5624
-0.1435 0.6017
-0.3083 0.6107
-0.0222 0.6130
0.0430 0.5674
0.0245 0.5909
-0.2399 0.5933
0.0434 0.5653
0.1385 0.5984
0.1809 0.5719
0.2268 0.5907
-0.1418 0.5764
-0.1272 0.6105
-0.1698 0.6334
0.1009 0.6144
0.2105 0.6171
0.0680 0.5846
-0.0535 0.5878
-0.0516 0.5729
-0.0239 0.5856
0.0529 0.6182
-0.0411 0.6150
-0.0656 0.5883
0.1327 0.5981
0.1102 0.6054
0.2437 0.5828
0.0720 0.5804
0.5092 0.6067
0.3686 0.5897
-0.0538 0.6286
0.1132 0.6079
-0.0746 0.6124
-0.1629 0.5898
-0.0390 0.5910
-0.4395 0.5924
-0.1325 0.6108
-0.1160 0.6050
0.0029 0.6041
-0.1062 0.5839
0.1367 0.6130
0.2281 0.6094
0.1871 0.6202
0.0105 0.5994
0.1532 0.6207
0.3730 0.5931
0.0090 0.5703
-0.1654 0.5611
0.0206 0.6038
-0.0187 0.5961
0.0776 0.6215
-0.0022 0.6002
0.1692 0.6075
0.0011 0.5851
-0.0134 0.5899
-0.0157 0.5793
0.0303 0.6506
-0.0081 0.6214
-0.1640 0.6082
-0.1720 0.6039
-0.0792 0.6095
0.0612 0.5959
0.1009 0.6095
-0.0275 0.5955
0.1662 0.5970
0.0083 0.6083
0.0406 0.5964
-0.0574 0.6115
-0.0379 0.5940
0.0257 0.6078
-0.1934 0.6040
0.0299 0.5902
0.0525 0.6063
0.0034 0.6032
-0.0245 0.5796
0.0236 0.5893
0.1417 0.6002
-0.0576 0.5932
-0.1673 0.5993
-0.0299 0.6125
0.0132 0.6040
-0.0686 0.5731
0.4033 0.5887
-0.1347 0.6407
-0.0852 0.6424
0.0747 0.5946
-0.1379 0.6183
0.1099 0.5879
-0.1271 0.6183
-0.1572 0.5838
-0.0066 0.6220
0.0478 0.6241
-0.1779 0.5998
0.0457 0.6173
-0.1328 0.6187
0.0270 0.5926
0.1198 0.6176
0.0389 0.6140
-0.0511 0.6055
-0.0636 0.5852
-0.0407 0.6043
0.0247 0.6418
-0.2063 0.6082
-0.2269 0.6113
-0.1826 0.5936
-0.0231 0.6000
-0.0794 0.5662
-0.1059 0.6058
0.0600 0.5768
0.1024 0.5946
-0.1218 0.5725
-0.2291 0.6129
0.1000 0.5651
-0.1465 0.6197
-0.2696 0.5974
-0.0140 0.5994
-0.1075 0.5704
-0.2972 0.5776
-0.0618 0.5967
0.1837 0.5854
-0.2534 0.6523
0.1126 0.5934
0.1384 0.6232
-0.1517 0.6277
-0.0797 0.5884
0.1570 0.5847
-0.0001 0.5788
-0.2756 0.6080
-0.2249 0.6074
-0.0418 0.6289
0.0560 0.6202
-0.2163 0.5726
0.2176 0.6121
-0.0934 0.6205
-0.4434 0.5730
-0.2564 0.5984
0.0945 0.5928
0.1761 0.5906
0.3855 0.5968
-0.0457 0.6395
-0.2754 0.5777
0.0220 0.6007
0.0581 0.6019
0.1997 0.5751
0.0854 0.5762
-0.0104 0.6155
0.0659 0.5925
-0.1252 0.6042
-0.1089 0.6286
-0.2560 0.6085
0.0402 0.5982
0.2282 0.5959
-0.2648 0.5850
-0.0614 0.6416
0.1338 0.5860
0.0282 0.5703
0.0933 0.6039
0.2091 0.5926
0.1079 0.6042
0.0018 0.6245
-0.0004 0.5893
-0.3243 0.6051
-0.1753 0.6031
0.5684 0.5816
0.1750 0.6236
-0.0140 0.6460
0.1565 0.5994
0.0732 0.6045
-0.1628 0.6003
0.1387 0.5867
0.0581 0.5738
0.0257 0.5903
0.0951 0.5849
-0.2001 0.5941
0.1896 0.6060
0.5163 0.6014
-0.0562 0.5890
0.0103 0.6063
-0.0402 0.6126
-0.0659 0.5781
0.0626 0.5973
0.3261 0.5882
-0.2517 0.6267
0.1811 0.5890
-0.0174 0.6140
-0.2810 0.5807
-0.0743 0.6153
-0.0789 0.5511
-0.1213 0.6164
0.2599 0.6019
-0.0110 0.5819
-0.1549 0.5933
0.0186 0.6037
-0.0376 0.6270
-0.1740 0.6360
-0.1273 0.5961
0.1506 0.5798
0.1162 0.5877
-0.2002 0.5756
0.1238 0.6046
-0.1166 0.6151
-0.0171 0.6080
-0.0945 0.6075
-0.0415 0.5789
0.0743 0.6053
-0.1362 0.6079
0.2445 0.6493
0.0884 0.5870
0.0944 0.5884
0.0484 0.5849
0.1768 0.5994
-0.0249 0.6146
0.0016 0.6089
0.1770 0.5598
-0.1392 0.6041
-0.2103 0.5795
-0.0395 0.6251
-0.1374 0.6342
0.1699 0.5905
-0.2554 0.5793
0.1045 0.6316
-0.0102 0.5928
0.0050 0.6012
0.0364 0.5962
-0.1438 0.6031
-0.0004 0.5782
0.0660 0.5939
-0.1196 0.6083
0.2648 0.6200
-0.1260 0.6055
-0.0154 0.6056
0.1005 0.5831
0.3008 0.6079
0.0098 0.5788
0.1316 0.5976
-0.1547 0.6266
-0.0526 0.6294
-0.1040 0.5792
0.2171 0.6123
0.0388 0.5476
-0.1018 0.5964
-0.2883 0.6394
-0.3834 0.6137
-0.0159 0.5730
0.2766 0.6266
0.0459 0.5886
0.2004 0.5838
0.0042 0.5695
-0.1392 0.6158
0.0801 0.6232
0.1371 0.5975
-0.0989 0.6215
0.1013 0.5832
0.1227 0.6313
0.0328 0.6435
-0.0256 0.5772
0.0099 0.6131
-0.0008 0.6106
-0.2258 0.5997
0.1223 0.6350
-0.0027 0.5989
0.1045 0.5800
0.0711 0.5911
-0.0433 0.5978
-0.0312 0.6139
-0.1290 0.6118
0.2745 0.6447
-0.0630 0.6190
0.2751 0.5870
-0.1042 0.6038
-0.0205 0.5927
0.1928 0.6173
-0.1164 0.6271
0.1011 0.5910
-0.0397 0.6345
0.1108 0.6122
0.1338 0.6639
0.0315 0.5994
0.0773 0.5836
0.0033 0.6008
0.1690 0.5829
-0.0212 0.5926
-0.0420 0.5990
-0.1493 0.5860
-0.1062 0.5888
-0.0036 0.6346
0.0863 0.6122
-0.2052 0.5901
0.3422 0.6184
0.1674 0.5744
-0.0860 0.6021
-0.0528 0.5727
-0.1480 0.5840
-0.0059 0.5707
-0.0704 0.6252
-0.1926 0.5787
-0.2079 0.5896
0.2922 0.5905
-0.0632 0.6133
0.0419 0.6118
-0.1607 0.5835
-0.3042 0.5976
-0.0571 0.6374
-0.3307 0.5932
0.0953 0.5877
-0.0500 0.6092
0.0994 0.5891
-0.1472 0.6502
-0.0342 0.5800
0.1214 0.5830
-0.1571 0.6243
-0.1062 0.5993
0.0993 0.6190
0.0216 0.6337
-0.1895 0.6140
0.1103 0.5951
-0.1813 0.6038
-0.1751 0.6085
-0.2170 0.5902
0.2234 0.6191
-0.0581 0.5792
-0.2442 0.6012
-0.0368 0.5872
-0.1084 0.6204
0.1874 0.6046
-0.1999 0.6319
-0.0040 0.5871
-0.0273 0.5783
0.0321 0.5956
0.3299 0.6061
-0.3236 0.6200
-0.0256 0.6015
0.0498 0.6124
-0.1992 0.6041
0.1263 0.6010
0.2417 0.6104
0.2062 0.6072
0.1995 0.5995
0.0371 0.6128
0.1548 0.5828
-0.0057 0.6074
-0.0035 0.5892
-0.1708 0.5988
0.2013 0.5781
-0.0044 0.5708
0.1078 0.5736
-0.0466 0.6142
-0.1476 0.5921
-0.2901 0.5966
0.0488 0.6121
-0.1705 0.6256
0.0218 0.6118
0.1449 0.6115
-0.0143 0.5981
0.0718 0.6139
0.1056 0.6153
0.3863 0.5506
-0.0835 0.6338
-0.0183 0.6155
-0.1607 0.5916
0.0085 0.6080
-0.1871 0.5955
-0.0229 0.6002
0.1959 0.5868
-0.0586 0.5918
-0.2126 0.5796
0.0473 0.6328
0.1932 0.6020
-0.1397 0.5902
0.0514 0.6114
-0.0992 0.5804
-0.0783 0.6173
0.0179 0.5787
-0.0144 0.6109
0.3458 0.6036
-0.0040 0.6045
-0.0349 0.5985
-0.0532 0.6219
-0.0200 0.5883
-0.0469 0.5961
0.0336 0.6221
0.0333 0.6017
0.2599 0.6090
0.2338 0.6148
-0.1809 0.6036
0.2872 0.6060
0.0089 0.6211
-0.0128 0.6040
-0.0207 0.5904
-0.1855 0.5731
-0.0633 0.6313
-0.0689 0.5908
0.1642 0.5853
0.1243 0.6052
0.0448 0.6054
0.0746 0.6046
0.0737 0.6347
-0.3252 0.5955
-0.1455 0.6047
0.0957 0.5952
-0.1063 0.6063
0.0633 0.5976
-0.0858 0.6010
0.2479 0.5938
-0.0458 0.6162
-0.0674 0.6223
-0.2189 0.6326
0.2288 0.5997
0.0681 0.5750
-0.2069 0.5839
0.1618 0.5946
-0.0220 0.5813
0.0850 0.5865
0.0455 0.6127
0.0409 0.6085
-0.0124 0.6208
-0.2472 0.5880
-0.0563 0.5886
-0.4127 0.5913
0.1234 0.6485
0.0049 0.6159
0.0928 0.5747
0.0036 0.5961
-0.3836 0.6031
0.1443 0.5900
0.1040 0.5753
-0.1140 0.5703
0.1597 0.5991
0.1365 0.6205
-0.0999 0.6033
0.1861 0.5867
-0.0648 0.6040
0.3448 0.6374
0.0406 0.5756
-0.0447 0.6310
0.0360 0.6191
-0.1832 0.5963
-0.2298 0.6095
-0.1109 0.6143
0.1657 0.6053
0.3449 0.6094
-0.0504 0.5909
0.0127 0.5866
-0.0554 0.6231
0.0991 0.6100
0.0739 0.6133
-0.0845 0.6001
0.4518 0.6146
-0.0976 0.5938
-0.0923 0.6057
-0.0307 0.6236
-0.1967 0.5928
0.0838 0.6222
0.0355 0.6310
0.0369 0.6155
-0.0683 0.6117
0.2698 0.6203
-0.0083 0.5771
-0.2169 0.5930
0.0882 0.6074
-0.0999 0.5638
-0.1117 0.6042
0.0399 0.6235
-0.0852 0.5981
-0.0032 0.5906
-0.0597 0.5729
-0.0108 0.6008
-0.0628 0.5861
-0.0803 0.5951
0.0429 0.5683
-0.3066 0.5963
-0.2052 0.6171
0.0935 0.5969
-0.0475 0.6182
0.1933 0.5774
-0.0934 0.5931
0.0505 0.5913
0.0226 0.6087
0.1119 0.5928
-0.0245 0.5989
0.0374 0.5835
-0.2212 0.5886
0.1375 0.5847
-0.0155 0.5977
-0.1314 0.6280
0.1717 0.6013
0.0983 0.6056
-0.1466 0.6223
-0.1071 0.6130
0.0260 0.6230
-0.2498 0.6478
-0.0732 0.5913
-0.1468 0.6060
0.0136 0.5822
0.0640 0.5925
-0.5505 0.6123
-0.1142 0.6015
-0.0166 0.5938
0.0508 0.6162
-0.0693 0.5967
0.2019 0.6379
-0.0745 0.6122
0.0135 0.6105
-0.2288 0.6115
-0.1088 0.5943
0.1563 0.5927
-0.1455 0.6013
0.0617 0.5898
-0.2969 0.6020
-0.0590 0.5962
0.0172 0.6331
0.0301 0.5986
-0.2041 0.5975
-0.2937 0.6076
0.0790 0.6134
-0.1260 0.6229
-0.0306 0.5851
0.2015 0.6008
0.0593 0.6025
0.3851 0.6025
-0.0410 0.6096
0.0031 0.5893
-0.0516 0.6170
-0.0484 0.5980
-0.0623 0.6125
0.0174 0.5500
-0.0436 0.6089
0.1466 0.5648
-0.0457 0.5855
0.1772 0.6054
-0.0547 0.6254
0.0833 0.6282
0.0696 0.6290
-0.0570 0.6120
0.0882 0.6445
0.3210 0.5911
-0.0937 0.6479
-0.3131 0.6093
0.2714 0.6019
0.0495 0.6005
0.0513 0.6266
0.1138 0.6053
-0.0330 0.5925
-0.0211 0.6197
0.2946 0.6085
0.0238 0.6041
0.1827 0.6107
-0.0921 0.6039
0.2136 0.6043
0.1354 0.6155
-0.2078 0.6057
-0.0598 0.5978
-0.1045 0.5897
0.0550 0.5948
-0.1342 0.6382
0.1025 0.5944
-0.0122 0.6095
-0.1419 0.6030
-0.0781 0.6245
-0.0556 0.6152
-0.1445 0.6139
-0.0806 0.5696
0.1477 0.5964
0.1628 0.6026
-0.1821 0.5882
0.2276 0.5928
-0.1613 0.6040
-0.0219 0.6481
-0.0659 0.5795
-0.0266 0.5928
0.2004 0.6226
-0.1335 0.6147
-0.0327 0.6174
0.3283 0.6118
-0.2100 0.5322
-0.2107 0.5725
0.0405 0.5869
-0.1204 0.5951
0.0859 0.6323
-0.0364 0.5981
-0.0140 0.6205
0.0775 0.5864
-0.2190 0.6169
-0.0220 0.6019
-0.0670 0.5626
-0.1022 0.6066
-0.2145 0.5752
-0.0307 0.6122
-0.0894 0.6057
0.1458 0.5820
0.1840 0.5915
-0.1536 0.5914
0.1547 0.5787
-0.3094 0.6046
-0.0525 0.6396
-0.0291 0.6383
0.0885 0.5834
0.0807 0.5720
-0.1937 0.6015
0.1111 0.5955
-0.0741 0.6173
-0.0671 0.5961
-0.0182 0.6111
0.1576 0.6361
-0.0651 0.5999
-0.1096 0.6417
-0.1462 0.5960
-0.1236 0.6078
-0.2313 0.5831
-0.1197 0.5963
0.1079 0.6047
-0.3595 0.6265
-0.1526 0.5759
-0.1016 0.6088
-0.0524 0.5907
-0.1677 0.6049
0.1059 0.6228
-0.0573 0.6058
0.1046 0.6060
0.0529 0.6208
-0.2297 0.6259
0.0991 0.5942
0.2038 0.5927
-0.1415 0.6327
0.1190 0.6120
0.3031 0.6086
-0.1560 0.6114
0.2740 0.6074
0.1690 0.5884
0.1558 0.5930
0.0212 0.6172
0.0598 0.6165
-0.0360 0.6493
-0.0389 0.6035
-0.0153 0.5916
0.1244 0.5724
-0.1863 0.5876
-0.0113 0.6223
0.0623 0.5755
-0.0533 0.6278
0.1552 0.5953
0.1093 0.6402
0.0311 0.5720
0.0432 0.6385
0.0123 0.5874
-0.2879 0.6051
-0.0102 0.5856
-0.3094 0.5831
0.0607 0.5887
-0.1121 0.6177
0.0139 0.6219
-0.0069 0.6112
-0.0547 0.6030
-0.0582 0.6204
-0.0883 0.6027
-0.2038 0.6227
-0.0750 0.6024
-0.1973 0.5771
0.0068 0.5960
-0.1609 0.6153
0.0311 0.5555
-0.0142 0.6110
0.0274 0.6022
0.0336 0.5962
0.1118 0.6093
0.0101 0.6164
0.0122 0.5947
-0.2236 0.5984
-0.0572 0.5952
-0.2385 0.5965
0.1497 0.5681
0.0336 0.6174
-0.0383 0.6208
-0.1331 0.6026
-0.1130 0.6217
-0.2075 0.6266
-0.2209 0.5759
0.0760 0.6140
-0.0955 0.5855
0.0014 0.5988
0.1868 0.6292
-0.2316 0.6156
0.1623 0.5948
-0.1559 0.5961
0.2164 0.6088
0.2737 0.5860
-0.1221 0.6187
0.3641 0.6031
-0.0326 0.6134
0.1617 0.6040
-0.0829 0.5912
-0.2936 0.6134
-0.1418 0.6041
0.1054 0.5958
-0.2343 0.5936
0.0289 0.5983
0.1389 0.5813
-0.2710 0.5695
-0.0919 0.6298
0.0658 0.6235
0.0635 0.5708
0.1616 0.5938
-0.1301 0.5995
0.1207 0.6092
-0.1100 0.5961
-0.1968 0.6019
0.2800 0.5951
0.2804 0.6115
-0.0746 0.6022
-0.0451 0.5850
-0.3402 0.5847
-0.0728 0.5851
0.1905 0.6066
0.1920 0.6145
0.0357 0.6172
0.0577 0.6255
0.1263 0.5787
0.0148 0.5872
0.0584 0.6431
0.3189 0.6004
-0.1412 0.5951
-0.1279 0.5895
-0.0609 0.6033
0.1045 0.6046
-0.3336 0.6083
0.0476 0.5971
0.0838 0.5696
-0.0328 0.6031
0.1229 0.6234
-0.0908 0.5764
0.2645 0.6100
0.0626 0.6028
0.0516 0.5989
-0.3901 0.5735
-0.0841 0.6082
-0.1167 0.6219
0.2494 0.5805
0.2179 0.6123
0.0948 0.6156
-0.0605 0.6383
0.0731 0.5883
-0.1356 0.5924
-0.0709 0.5875
0.0915 0.6073
0.0803 0.6175
-0.1605 0.6138
0.0753 0.6051
0.0244 0.5885
0.0212 0.6050
-0.0345 0.6186
-0.1540 0.5758
-0.0343 0.5870
-0.2288 0.6011
-0.0931 0.6021
-0.1276 0.6355
0.0572 0.5795
0.0912 0.6323
-0.0456 0.5885
0.2162 0.5909
0.0173 0.6119
0.1303 0.6166
0.1872 0.5768
0.0322 0.6077
0.0777 0.6192
-0.0122 0.6140
0.1967 0.5962
0.0148 0.6014
-0.1373 0.5849
-0.0844 0.5953
-0.1310 0.6116
0.1037 0.6002
-0.0608 0.6259
0.0739 0.6287
-0.1296 0.5730
-0.1734 0.5940
0.0287 0.6217
-0.1047 0.6078
0.1605 0.6079
0.1491 0.6142
0.0064 0.5835
0.2027 0.5778
0.1875 0.5967
0.1572 0.5906
0.2759 0.5902
-0.1691 0.5952
-0.0680 0.6092
-0.0664 0.5812
0.1411 0.6275
0.0586 0.5796
0.1855 0.6131
-0.0245 0.6020
0.1775 0.6076
0.0639 0.6048
-0.0805 0.5854
0.0971 0.6096
0.1324 0.5731
-0.0952 0.6014
0.0360 0.5925
-0.1175 0.5996
-0.5158 0.5926
0.1762 0.5921
0.0644 0.6270
0.3213 0.5741
-0.1349 0.6114
0.1768 0.5989
-0.1321 0.6392
-0.1985 0.6010
0.2386 0.5846
0.2276 0.5706
0.0630 0.5603
0.2566 0.5882
0.1099 0.6036
-0.0577 0.6117
0.2098 0.6036
0.0043 0.5737
-0.1491 0.6270
0.1050 0.6028
-0.0646 0.5656
-0.0299 0.6116
-0.2392 0.6249
-0.1171 0.6427
0.0878 0.6073
-0.0769 0.5863
0.0274 0.6063
0.2955 0.5943
0.1178 0.6530
-0.0033 0.5857
-0.0124 0.5953
-0.1098 0.6045
0.0248 0.5902
0.0573 0.6063
-0.3164 0.6059
-0.0327 0.6146
0.0910 0.5974
-0.0820 0.5618
0.2384 0.6433
0.0151 0.6199
-0.0899 0.5973
-0.0385 0.5946
0.0347 0.6032
0.2329 0.5874
0.3324 0.6179
0.1900 0.6245
0.0324 0.5895
0.0562 0.5862
0.0034 0.5858
0.1830 0.6127
0.2226 0.6116
-0.1716 0.6164
0.1149 0.5878
0.0951 0.5740
-0.3168 0.5977
0.0102 0.5767
0.1196 0.6224
-0.0804 0.6193
-0.0251 0.5679
-0.1068 0.6311
0.1138 0.6210
-0.1320 0.6225
0.2145 0.6147
0.0879 0.6034
0.1748 0.6206
-0.0339 0.6113
0.0191 0.5675
-0.0125 0.5941
0.1285 0.6287
0.2379 0.6170
-0.0604 0.6234
0.1057 0.6461
-0.0752 0.5811
-0.0001 0.6051
-0.0291 0.6331
-0.0211 0.5802
-0.2701 0.5928
0.0565 0.6258
0.1319 0.6027
0.2302 0.6038
-0.0611 0.6213
-0.2370 0.6336
0.0718 0.6005
-0.4351 0.5839
0.0029 0.6362
-0.4383 0.5950
-0.1200 0.6178
0.3960 0.6211
-0.0095 0.6176
0.1169 0.5985
-0.0018 0.5965
-0.3567 0.5979
0.0561 0.6164
0.2678 0.6091
0.1847 0.6279
0.0930 0.5524
-0.0921 0.6098
0.1069 0.6053
0.1464 0.5985
0.0093 0.5845
0.0513 0.6149
-0.0361 0.6397
0.2712 0.5711
0.0676 0.6353
-0.0073 0.5978
0.0701 0.5977
-0.0930 0.6156
0.0930 0.6192
-0.1646 0.6113
-0.0372 0.6059
0.0143 0.5963
-0.0024 0.5991
-0.0013 0.5734
-0.3400 0.5979
0.0039 0.5897
0.2970 0.6417
0.1434 0.5942
-0.1616 0.6003
0.1107 0.5710
0.0903 0.5932
-0.1323 0.6265
0.1514 0.6359
-0.2425 0.5960
-0.0615 0.5980
-0.0016 0.6001
-0.1637 0.6035
-0.0808 0.5941
0.0848 0.5905
0.1372 0.6024
-0.0088 0.5949
0.1013 0.6194
-0.0647 0.6009
-0.0126 0.6117
-0.1020 0.5670
-0.2813 0.6157
-0.1105 0.6144
0.3019 0.6112
-0.2010 0.6165
-0.3371 0.6258
0.0429 0.6393
0.2816 0.5309
0.1859 0.5767
0.1354 0.5861
-0.0684 0.5899
-0.0514 0.6139
-0.3486 0.6251
0.1898 0.5715
0.1218 0.6110
0.0085 0.6032
0.1294 0.5999
-0.0211 0.6175
0.2391 0.6205
-0.2555 0.5808
0.2282 0.6092
-0.0865 0.6447
0.0280 0.5967
-0.0814 0.5840
0.1290 0.5908
-0.3261 0.5940
-0.2791 0.6126
-0.2040 0.6284
-0.0598 0.5870
-0.0436 0.5688
0.2477 0.6053
0.0887 0.5883
0.0487 0.6093
-0.4602 0.5996
0.0196 0.6165
-0.1278 0.5973
0.2972 0.6246
0.1330 0.6086
0.0387 0.5781
0.1467 0.5835
0.3836 0.6167
-0.1231 0.5871
0.2590 0.6128
0.1325 0.5835
-0.1059 0.5961
-0.1841 0.6076
-0.0448 0.5883
0.0716 0.5947
0.0286 0.5793
0.0321 0.6140
0.0641 0.6094
-0.0508 0.5800
0.0390 0.6204
-0.0428 0.6215
-0.0815 0.6039
0.5190 0.5759
0.0974 0.5858
0.0754 0.6330
-0.1263 0.6067
0.0397 0.5820
0.2303 0.6147
-0.2575 0.5890
0.0385 0.6053
0.0450 0.6326
-0.0642 0.5767
0.3123 0.6034
-0.1163 0.6011
-0.0961 0.6054
0.0036 0.6060
0.0657 0.6145
0.2169 0.6420
0.0685 0.5485
-0.0698 0.6356
0.1719 0.6040
-0.2016 0.5884
-0.1266 0.6190
-0.4064 0.5982
-0.0524 0.6212
-0.0136 0.5772
-0.0853 0.5952
-0.0451 0.5904
0.1259 0.5959
0.1940 0.5835
-0.1538 0.5725
0.0972 0.6012
0.1919 0.6151
-0.1747 0.6098
-0.0589 0.6011
0.1228 0.6145
-0.1081 0.6322
0.0586 0.6075
0.1696 0.6136
-0.1101 0.5917
0.2035 0.6113
-0.0080 0.5931
0.1209 0.5937
-0.0105 0.6002
-0.1967 0.6031
-0.1138 0.6322
-0.2529 0.5972
-0.3883 0.6007
0.1123 0.5985
0.2081 0.5594
-0.0434 0.6329
-0.0900 0.5850
-0.2131 0.6128
0.1359 0.5935
0.0590 0.6286
-0.2079 0.5671
-0.0505 0.5804
-0.0348 0.5878
-0.0426 0.6319
-0.0066 0.5948
-0.2043 0.6105
0.0440 0.5646
-0.2421 0.5796
-0.0116 0.5864
0.0897 0.6056
-0.0566 0.6375
0.1643 0.6059
-0.0036 0.5880
-0.1085 0.6171
0.2153 0.6075
0.0429 0.6062
0.1651 0.6064
-0.2087 0.6227
-0.2913 0.5663
-0.0088 0.5791
-0.0596 0.5864
0.1848 0.5868
0.0762 0.6096
-0.1526 0.5811
-0.0587 0.5926
-0.0131 0.6294
-0.1034 0.6077
-0.1334 0.6042
0.0182 0.5990
0.0255 0.6186
-0.0902 0.5903
-0.2239 0.5895
-0.0842 0.5877
0.0603 0.6208
0.0523 0.6036
0.1521 0.5954
-0.0986 0.6361
0.0101 0.5815
0.1322 0.5874
0.0761 0.5909
-0.1929 0.6067
-0.0322 0.5730
0.1509 0.6068
-0.0102 0.5986
-0.3062 0.6170
-0.1166 0.6341
-0.0559 0.5778
0.2410 0.6016
-0.0866 0.5909
-0.1009 0.6070
-0.1010 0.6021
-0.1598 0.6117
-0.1196 0.6040
-0.1861 0.5832
-0.0991 0.6266
0.0925 0.5779
0.0376 0.6022
0.1308 0.5906
0.0390 0.6014
0.0459 0.5999
0.2049 0.5702
0.0694 0.5882
-0.0029 0.6432
-0.0586 0.5809
-0.1343 0.6041
0.0736 0.6139
0.0549 0.6001
0.0148 0.5701
-0.1539 0.5930
-0.4324 0.6108
-0.0260 0.5996
0.1173 0.5984
0.1467 0.6103
-0.4500 0.5712
-0.0592 0.5980
0.2945 0.6255
-0.0041 0.6080
-0.0685 0.6059
-0.0885 0.5846
0.0604 0.5820
0.1679 0.6176
-0.2028 0.5745
-0.0539 0.6191
-0.2006 0.6151
0.1219 0.5733
-0.0165 0.6117
-0.0471 0.6055
-0.0629 0.5933
0.0153 0.5880
0.5245 0.6054
-0.2015 0.5972
0.0337 0.6060
0.0659 0.5958
0.1458 0.5965
-0.0063 0.6086
-0.0511 0.6118
-0.0458 0.6311
0.1524 0.6121
0.0532 0.6083
0.0617 0.5817
-0.1133 0.6108
-0.0218 0.5936
-0.2311 0.5976
-0.0227 0.5988
0.0034 0.6134
-0.0026 0.5959
0.0674 0.6074
0.2688 0.6095
0.1881 0.5560
-0.0049 0.5729
-0.1023 0.6125
-0.0412 0.6122
-0.4065 0.5960
-0.0567 0.5904
-0.1273 0.5634
0.0077 0.6290
-0.0491 0.5835
0.3173 0.6103
-0.3086 0.5831
-0.3725 0.6088
-0.2144 0.5970
-0.1661 0.6191
0.1438 0.6036
-0.0958 0.6022
0.1266 0.6148
-0.1470 0.6308
0.1431 0.6081
0.0253 0.6069
-0.0328 0.5899
-0.3379 0.5887
0.1038 0.6183
-0.0451 0.6091
0.0768 0.6114
-0.0339 0.5927
-0.0302 0.5591
-0.1406 0.6143
-0.2536 0.6118
0.1193 0.6209
-0.0588 0.6224
0.0397 0.5906
-0.0471 0.6063
0.1624 0.5961
-0.0710 0.5993
-0.4696 0.5874
0.2224 0.6371
0.4380 0.5634
-0.1772 0.5853
0.3019 0.5749
-0.0818 0.6046
0.2037 0.5990
-0.1850 0.5861
0.0448 0.6154
0.0816 0.6109
-0.0435 0.6114
-0.0504 0.5946
-0.0311 0.6166
-0.0097 0.6224
-0.1494 0.6302
0.2396 0.6196
-0.4603 0.6090
0.3629 0.6305
0.0866 0.6460
0.0117 0.5944
0.0167 0.5993
-0.0650 0.6205
0.2334 0.5849
-0.1379 0.5987
-0.0759 0.5833
0.1463 0.5878
0.0373 0.6245
-0.1930 0.5980
0.2136 0.5786
0.0040 0.6330
0.0948 0.6089
0.1566 0.5994
0.0540 0.6075
-0.0892 0.6228
0.0940 0.5881
-0.0150 0.6001
0.1499 0.5915
0.1097 0.6176
-0.0154 0.5893
0.1950 0.5765
0.1998 0.5914
0.0644 0.5850
-0.1849 0.5865
0.2949 0.5905
0.1250 0.5933
0.0780 0.5673
-0.1886 0.5753
0.2640 0.6378
-0.2236 0.6424
0.0364 0.6163
-0.3061 0.5772
0.1041 0.6158
-0.2197 0.6100
0.6881 0.6202
0.1759 0.6141
0.0950 0.6339
0.1258 0.5891
0.0114 0.5905
-0.0068 0.6038
0.0625 0.5861
0.1739 0.5859
0.0245 0.6192
0.2165 0.6182
0.1097 0.5857
0.1343 0.5973
-0.2035 0.5871
-0.1328 0.5795
-0.0136 0.6095
-0.0245 0.6132
0.0930 0.5575
0.0302 0.6019
0.1824 0.5846
0.0519 0.5797
0.1286 0.5761
0.1613 0.5868
-0.1939 0.5917
0.1914 0.6175
-0.0572 0.6242
0.0336 0.5763
-0.0322 0.5887
0.0134 0.5940
-0.0513 0.6041
-0.0161 0.5991
-0.2687 0.5886
-0.0144 0.6175
-0.1571 0.5933
-0.0818 0.6073
0.0656 0.5959
-0.0680 0.6330
0.0057 0.5824
-0.1346 0.6211
-0.0384 0.5895
-0.2183 0.5970
0.0120 0.5894
-0.0967 0.5959
0.2979 0.6105
0.1229 0.6024
-0.1035 0.6455
-0.0412 0.6110
0.2166 0.6250
-0.0145 0.5915
0.1685 0.6334
-0.0533 0.6251
0.3817 0.5797
-0.0847 0.6132
-0.3011 0.6177
-0.2801 0.6038
0.0195 0.5964
0.0041 0.5940
-0.0777 0.5847
-0.0949 0.6137
0.3306 0.5804
0.1897 0.5697
-0.0936 0.5897
0.1078 0.5968
-0.0998 0.5692
0.1694 0.5862
0.1559 0.6082
0.0793 0.5813
-0.0418 0.6010
0.4040 0.6215
-0.0541 0.6044
-0.0737 0.5983
0.0177 0.6173
0.1540 0.6218
0.0251 0.6173
-0.0468 0.6100
-0.1057 0.6027
-0.1612 0.6037
-0.1473 0.5599
-0.0341 0.6069
-0.0317 0.5816
0.0163 0.5937
0.1127 0.5957
0.0806 0.6262
-0.0241 0.6126
0.0513 0.5842
-0.0309 0.5793
-0.4060 0.6196
-0.0487 0.6095
0.0419 0.5816
0.1215 0.5939
-0.2082 0.6036
-0.0616 0.6188
0.1560 0.6128
0.1031 0.5990
-0.1544 0.5768
-0.2071 0.5898
-0.1584 0.5798
-0.1722 0.6024
0.1295 0.6063
-0.2942 0.5847
0.0179 0.5691
-0.2191 0.6094
-0.1218 0.6022
0.1391 0.6030
-0.2054 0.6256
-0.0637 0.6075
0.1088 0.6171
0.0310 0.6242
0.1762 0.5941
-0.1855 0.5752
0.2111 0.5797
0.1794 0.6073
-0.0771 0.6303
-0.0024 0.6222
-0.1627 0.6033
0.1081 0.6214
-0.0416 0.5998
0.2596 0.5826
0.0017 0.6079
-0.0107 0.6219
0.0301 0.5861
-0.1082 0.5873
-0.1313 0.6003
0.0896 0.6064
0.0109 0.6275
0.0098 0.6104
-0.0883 0.5960
0.0613 0.6071
-0.2623 0.6163
-0.2279 0.5910
-0.0420 0.6028
-0.0222 0.6104
-0.0349 0.6077
0.0910 0.6234
0.0210 0.6027
-0.2292 0.5796
0.0264 0.6046
-0.1030 0.5861
-0.0347 0.6036
0.0275 0.5931
-0.2155 0.6023
-0.0600 0.6045
0.1076 0.5724
-0.2258 0.6065
-0.1302 0.5834
-0.0584 0.5987
0.2362 0.6183
0.1157 0.6023
-0.1124 0.6001
0.0960 0.6378
0.3773 0.5934
0.1425 0.5774
-0.1970 0.6016
0.0079 0.5958
-0.1209 0.5984
-0.1283 0.6058
-0.0887 0.6208
-0.0716 0.5918
-0.1595 0.5690
0.1109 0.6041
-0.2648 0.5823
0.0650 0.6125
0.0439 0.5766
-0.1491 0.5946
0.0565 0.6036
0.0645 0.5622
0.3745 0.5559
0.1144 0.5789
-0.0157 0.6002
-0.3140 0.5906
-0.1752 0.6185
-0.0457 0.6069
0.1081 0.6093
-0.0441 0.5935
0.0929 0.5728
-0.0378 0.5998
-0.0058 0.5781
0.2295 0.5902
0.1958 0.6310
0.1056 0.5810
-0.0005 0.6218
-0.1795 0.5886
0.0220 0.6065
-0.0214 0.5929
0.2679 0.6135
0.1930 0.5961
0.1518 0.6008
0.2545 0.6047
-0.0354 0.6198
0.4466 0.6059
0.1911 0.6099
-0.0519 0.5924
0.0261 0.6009
-0.2035 0.6019
-0.0973 0.6025
0.0338 0.5854
-0.1163 0.5858
-0.1572 0.5998
0.0025 0.5902
-0.0834 0.6248
-0.1096 0.5649
-0.2024 0.6089
0.1476 0.6310
-0.0520 0.5976
-0.1612 0.6385
-0.1642 0.5705
-0.1001 0.5770
-0.3571 0.5925
0.0017 0.6013
0.0713 0.5878
0.0216 0.5967
0.0071 0.6004
-0.1370 0.6257
-0.0295 0.6075
0.1310 0.6136
0.0352 0.6035
-0.1170 0.5845
0.1923 0.6151
0.1430 0.6078
-0.2263 0.6100
-0.1822 0.6085
-0.1329 0.6150
-0.1248 0.5859
-0.2199 0.6349
-0.1846 0.6194
-0.1276 0.5905
-0.0392 0.6043
0.3429 0.5912
0.0355 0.6297
0.1590 0.6033
-0.0025 0.6443
0.1632 0.5878
-0.2503 0.5635
-0.0224 0.6099
-0.0396 0.6231
-0.0151 0.6188
0.1656 0.5482
0.1257 0.6081
-0.0430 0.5942
-0.4612 0.6187
-0.0773 0.6117
0.0171 0.6275
0.4280 0.6096
0.0623 0.5960
-0.1274 0.6011
-0.0046 0.5731
0.2101 0.5446
0.1867 0.5902
-0.1194 0.5988
-0.0844 0.5812
-0.0147 0.6311
0.1714 0.6129
-0.0624 0.6092
0.1570 0.6028
-0.2100 0.5873
0.0306 0.6037
0.0284 0.6120
0.2741 0.5942
-0.2182 0.6425
0.1127 0.6397
-0.0483 0.5934
-0.1229 0.5908
0.0783 0.5833
0.1341 0.5858
-0.2150 0.5825
-0.0163 0.6287
-0.0454 0.6072
-0.2498 0.6088
-0.0466 0.5949
-0.0460 0.5627
-0.1211 0.5835
-0.0003 0.5965
-0.0397 0.5869
-0.0940 0.6064
-0.1800 0.5938
0.1987 0.6044
0.0437 0.5968
-0.0619 0.5895
0.0121 0.5961
0.0516 0.5792
-0.1574 0.6091
0.0198 0.5713
0.0297 0.6538
0.0778 0.6126
-0.5086 0.5969
-0.2766 0.5970
-0.0948 0.6126
0.0210 0.6170
0.0009 0.5887
-0.0517 0.6080
-0.0376 0.6000
0.0681 0.5885
-0.0578 0.6417
0.0457 0.5782
0.1159 0.6433
0.2301 0.5962
