    0.0000    1.1790    1.1790   -0.5178   -0.5178
    1.0000    1.3382    1.3382   -1.0122   -1.0122
    2.0000    1.2811    1.2811   -1.0396   -1.0396
    3.0000    1.4365    1.4365   -0.9070   -0.9070
    4.0000    1.4311    1.4311   -0.7869   -0.7869
    5.0000    1.4247    1.4247   -0.8701   -0.8701
    6.0000   -0.3267    1.2496   -2.4024   -1.0836
    7.0000    1.0287    1.0287   -1.3324   -1.3324
    8.0000    0.9344    0.9344   -1.4489   -1.4489
    9.0000    0.8736    0.8736   -1.1096   -1.1096
   10.0000    0.7058    0.7058   -0.6087   -0.6087
   11.0000    0.4269    0.4269   -0.1790   -0.1790
   12.0000    0.3267    0.3267   -0.1144   -0.1144
   13.0000    1.1343    0.3510   -1.2094   -0.2722
   14.0000    0.4865    0.4865   -0.4162   -0.4162
   15.0000    0.6594    0.6594   -0.3901   -0.3901
   16.0000    0.5280    0.5280   -0.4099   -0.4099
   17.0000    0.1818    0.1818   -0.8250   -0.8250
   18.0000    0.5248   -0.2191   -0.9953   -1.0953
   19.0000    0.2081   -0.5757   -1.2684   -1.1180
   20.0000   -0.8012   -0.8012   -0.9718   -0.9718
   21.0000   -0.8332   -0.8332   -0.7001   -0.7001
   22.0000   -0.7798   -0.7798   -0.2974   -0.2974
   23.0000   -0.9079   -0.9079    0.0164    0.0164
   24.0000   -0.9909   -0.9909    0.2530    0.2530
   25.0000   -0.9600   -0.9600    0.2130    0.2130
   26.0000   -1.0209   -1.0209   -0.0702   -0.0702
   27.0000   -1.1244   -1.1244   -0.5406   -0.5406
   28.0000   -1.2362   -1.2362   -0.7353   -0.7353
   29.0000   -1.3870   -1.3870   -0.4359   -0.4359
   30.0000   -1.4918   -1.4240   -1.1972    0.0658
   31.0000   -1.4852   -1.4852    0.6529    0.6529
   32.0000   -1.7174   -1.7174    1.2419    1.2419
   33.0000   -1.9969   -1.9969    1.5842    1.5842
   34.0000   -2.2566   -2.2566    1.5479    1.5479
   35.0000   -2.3227   -2.3227    1.4050    1.4050
   36.0000   -2.5783   -2.5783    1.0786    1.0786
   37.0000   -2.6642   -2.6642    0.6528    0.6528
   38.0000   -2.4014   -2.4014    0.4560    0.4560
   39.0000   -1.9980   -1.9980    0.1802    0.1802
   40.0000   -1.4593   -1.4593   -0.0223   -0.0223
   41.0000   -0.8948   -0.8948   -0.3871   -0.3871
   42.0000   -0.5573   -0.5573   -0.5984   -0.5984
   43.0000   -0.2858   -0.2858   -0.7173   -0.7173
   44.0000    0.2008    0.2008   -0.7920   -0.7920
   45.0000    0.7135    0.7135   -0.7927   -0.7927
   46.0000    0.9579    0.9579   -0.7226   -0.7226
   47.0000    1.1017    1.1017   -0.4545   -0.4545
   48.0000    0.8791    0.8791    0.1051    0.1051
   49.0000    0.6674    0.6674    0.5183    0.5183
   50.0000    0.6416    0.6416    0.6996    0.6996
   51.0000    0.6248    0.6248    0.5375    0.5375
   52.0000    0.7759    0.7759    0.4723    0.4723
   53.0000    0.2349    1.1494    2.8535    0.6546
   54.0000    1.6061    1.6061    0.7308    0.7308
   55.0000    1.9823    1.9823    0.4890    0.4890
   56.0000    2.1843    2.1843    0.3950    0.3950
   57.0000    2.2195    2.2195    0.1646    0.1646
   58.0000    2.1396    2.1396    0.0022    0.0022
   59.0000    1.9711    1.9711   -0.0050   -0.0050
   60.0000    1.6960    1.6960    0.0018    0.0018
   61.0000    1.3021    1.3021    0.2061    0.2061
   62.0000    0.8806    0.8806    0.5104    0.5104
   63.0000    0.8390    0.8390    0.6332    0.6332
   64.0000    0.7575    0.7575    0.6983    0.6983
   65.0000    0.3634    0.3634    0.6453    0.6453
   66.0000    0.0763    0.0763    0.0698    0.0698
   67.0000    0.0523    0.0523   -0.6434   -0.6434
   68.0000   -0.0640   -0.0640   -0.9667   -0.9667
   69.0000   -0.4045   -0.4045   -1.1701   -1.1701
   70.0000   -0.5785   -0.5785   -1.4038   -1.4038
   71.0000   -0.3843   -0.3843   -1.4254   -1.4254
   72.0000   -2.2780   -0.2528   -1.2205   -1.3625
   73.0000   -0.6524   -0.2494   -0.7681   -1.2273
   74.0000   -0.3019   -0.3019   -0.9688   -0.9688
   75.0000   -0.3410   -0.3410   -0.5991   -0.5991
   76.0000   -0.3470   -0.3470   -0.3373   -0.3373
   77.0000   -0.4293   -0.4293   -0.2290   -0.2290
   78.0000   -0.5196   -0.5196   -0.1183   -0.1183
   79.0000   -1.0765   -0.3207   -0.4600   -0.0228
   80.0000   -0.0124   -0.0124   -0.0101   -0.0101
   81.0000    0.1649    0.1649   -0.0451   -0.0451
   82.0000    0.2311    0.2311    0.1710    0.1710
   83.0000    0.1428    0.1428    0.4911    0.4911
   84.0000    1.3319    0.1295    0.0347    0.7147
   85.0000    0.1952    0.1952    0.7900    0.7900
   86.0000    2.5074    0.2805   -0.8283    0.7098
   87.0000    2.3759    0.4014   -1.4691    0.5082
   88.0000    1.7246    0.5931   -2.0818    0.2300
   89.0000    1.5323    0.8907   -1.6662   -0.0804
   90.0000    1.3291    1.3291   -0.3783   -0.3783
   91.0000    1.7930    1.7930   -0.5904   -0.5904
   92.0000    1.8138    1.8138   -0.5994   -0.5994
   93.0000    1.7621    1.6638    1.0023   -0.5207
   94.0000    1.4358    1.4358   -0.4509   -0.4509
   95.0000    1.1003    1.1003   -0.3488   -0.3488
   96.0000    0.6701    0.6701    0.0184    0.0184
   97.0000    0.4347    0.4347    0.1237    0.1237
   98.0000    0.3576    0.3576   -0.0158   -0.0158
   99.0000    0.2810    0.2810   -0.2463   -0.2463
  100.0000   -0.2286   -0.2286   -0.4794   -0.4794
  101.0000   -0.7318   -0.7318   -0.3670   -0.3670
  102.0000   -1.0800   -1.0800    0.0182    0.0182
  103.0000   -2.5865   -1.1466   -0.7635    0.4798
  104.0000   -1.1395   -1.1395    0.8337    0.8337
  105.0000   -1.2735   -1.2735    1.0297    1.0297
  106.0000   -3.0878   -1.4319    1.1414    1.4027
  107.0000   -1.5411   -1.5411    1.8560    1.8560
  108.0000   -1.5447   -1.5447    2.1732    2.1732
  109.0000   -1.3099   -1.3099    2.2457    2.2457
  110.0000   -0.7944   -0.7944    2.0370    2.0370
  111.0000   -0.3941   -0.3941    1.5256    1.5256
  112.0000   -0.1980   -0.1980    1.1114    1.1114
  113.0000   -0.3866   -0.3866    0.7706    0.7706
  114.0000   -0.7259   -0.7259    0.7684    0.7684
  115.0000   -0.9856   -0.9856    0.8374    0.8374
  116.0000   -0.9573   -0.9573    0.8355    0.8355
  117.0000   -0.7350   -0.7350    1.0266    1.0266
  118.0000   -0.5562   -0.5562    1.3771    1.3771
  119.0000   -0.6291   -0.6291    1.4504    1.4504
  120.0000   -0.7941   -0.7941    0.9203    0.9203
  121.0000   -1.0242   -1.0242    0.3094    0.3094
  122.0000   -1.2776   -1.2776   -0.1499   -0.1499
  123.0000   -1.1876   -1.1876   -0.6314   -0.6314
  124.0000   -0.9921   -0.9921   -0.7394   -0.7394
  125.0000   -0.7540   -0.7540   -0.6813   -0.6813
  126.0000   -0.7177   -0.7177   -0.4666   -0.4666
  127.0000   -0.6805   -0.6805   -0.3048   -0.3048
  128.0000   -0.6166   -0.6166   -0.2606   -0.2606
  129.0000   -0.5731   -0.5731   -0.3237   -0.3237
  130.0000   -0.6117   -0.6117   -0.2721   -0.2721
  131.0000   -0.4949   -0.4949   -0.3587   -0.3587
  132.0000   -0.2299   -0.2299   -0.8335   -0.8335
  133.0000    0.0336    0.0336   -1.5413   -1.5413
  134.0000    0.1636    0.1636   -1.8250   -1.8250
  135.0000    0.1997    0.1997   -1.6302   -1.6302
  136.0000    0.2697    0.2697   -1.2776   -1.2776
  137.0000    0.4799    0.4799   -1.2221   -1.2221
  138.0000    0.7117    0.7117   -1.1737   -1.1737
  139.0000    0.8110    0.8110   -1.1662   -1.1662
  140.0000    0.9188    0.9188   -1.4673   -1.4673
  141.0000    0.8863    0.8863   -1.6032   -1.6032
  142.0000    0.6473    0.6473   -1.6442   -1.6442
  143.0000    0.3342    0.3342   -1.4971   -1.4971
  144.0000    0.1086    0.1086   -1.2917   -1.2917
  145.0000    0.2889    0.2889   -1.2527   -1.2527
  146.0000    0.5837    0.5837   -1.2823   -1.2823
  147.0000    0.7408    0.7408   -1.0055   -1.0055
  148.0000    0.6130    0.6130   -0.6572   -0.6572
  149.0000    0.6227    0.6227   -0.3189   -0.3189
  150.0000    0.6971    0.6971   -0.2126   -0.2126
  151.0000    0.7067    0.7067   -0.0494   -0.0494
  152.0000    0.5895    0.5895    0.0352    0.0352
  153.0000    0.4110    0.4110    0.2393    0.2393
  154.0000    0.1510    0.1510    0.1454    0.1454
  155.0000   -0.1119   -0.1119    0.2150    0.2150
  156.0000   -0.2945   -0.2945    0.3863    0.3863
  157.0000   -0.3580   -0.3580    0.4265    0.4265
  158.0000   -0.3148   -0.3148    0.6041    0.6041
  159.0000   -0.3444   -0.3444    1.0059    1.0059
  160.0000   -0.4020   -0.4020    1.2074    1.2074
  161.0000   -0.2321   -0.2321    1.2059    1.2059
  162.0000   -0.0441   -0.0441    1.0423    1.0423
  163.0000    0.0815    0.0815    1.0819    1.0819
  164.0000    0.2916    0.2916    1.1420    1.1420
  165.0000    0.6920    0.6920    1.1168    1.1168
  166.0000    0.9471    0.9471    1.1482    1.1482
  167.0000    1.1882    1.1882    1.2593    1.2593
  168.0000    1.3149    1.3149    1.3633    1.3633
  169.0000    1.1453    1.1453    1.3434    1.3434
  170.0000    1.0199    1.0199    1.3459    1.3459
  171.0000    0.8768    0.8768    1.3351    1.3351
  172.0000    0.7730    0.7730    1.5147    1.5147
  173.0000    0.5905    0.5905    1.4870    1.4870
  174.0000    0.4921    0.4921    1.4695    1.4695
  175.0000    0.3732    0.3732    1.2850    1.2850
  176.0000    0.6928    0.6928    1.3558    1.3558
  177.0000    0.9538    0.9538    1.3376    1.3376
  178.0000    1.0604    1.0604    1.1518    1.1518
  179.0000    0.8922    0.8922    0.7343    0.7343
  180.0000    0.3438    0.3438    0.4651    0.4651
  181.0000   -0.1802   -0.1802    0.1324    0.1324
  182.0000   -0.4171   -0.4171   -0.0755   -0.0755
  183.0000   -0.4127   -0.4127   -0.1833   -0.1833
  184.0000   -0.3397   -0.3397   -0.1509   -0.1509
  185.0000   -0.1360   -0.1360   -0.0513   -0.0513
  186.0000    0.1368    0.1368   -0.0357   -0.0357
  187.0000    0.3307    0.3307    0.1899    0.1899
  188.0000    0.6148    0.6148    0.5124    0.5124
  189.0000    0.6719    0.6719    0.9727    0.9727
  190.0000    0.1888    0.1888    1.3199    1.3199
  191.0000    0.0926    0.0926    1.6034    1.6034
  192.0000    0.2128    0.2128    1.7162    1.7162
  193.0000    0.3111    0.3111    1.5575    1.5575
  194.0000    0.3247    0.3247    1.1410    1.1410
  195.0000    0.2759    0.2759    0.7277    0.7277
  196.0000    0.1823    0.1823    0.3820    0.3820
  197.0000   -0.0425   -0.0425   -0.0798   -0.0798
  198.0000   -0.1322   -0.1322   -0.4956   -0.4956
  199.0000   -0.1997   -0.1997   -0.5417   -0.5417
  200.0000   -0.0073   -0.0073   -0.3835   -0.3835
  201.0000   -0.0378   -0.0378   -0.1887   -0.1887
  202.0000   -0.2872   -0.2872    0.0573    0.0573
  203.0000   -0.3610   -0.3610    0.2032    0.2032
  204.0000   -0.1174   -0.1174    0.4096    0.4096
  205.0000    0.2403    0.2403    0.3377    0.3377
  206.0000    0.3743    0.3743    0.3864    0.3864
  207.0000    0.2899    0.2899    0.3325    0.3325
  208.0000   -0.1405   -0.1405    0.0390    0.0390
  209.0000   -0.4595   -0.4595   -0.3757   -0.3757
  210.0000    1.1752   -0.5817   -2.7925   -0.5524
  211.0000   -0.4529   -0.4529   -0.6130   -0.6130
  212.0000   -0.7378   -0.0278   -3.1864   -0.7641
  213.0000    0.7584    0.5808   -3.1414   -0.9772
  214.0000    1.2204    1.2204   -1.1650   -1.1650
  215.0000    1.7013    1.7013   -1.2684   -1.2684
  216.0000    1.7791    1.7791   -1.2655   -1.2655
  217.0000    1.5653    1.5653   -0.9989   -0.9989
  218.0000    1.2283    1.2283   -0.7213   -0.7213
  219.0000    0.7505    0.7505   -0.5604   -0.5604
  220.0000    0.6424    0.6424   -0.5679   -0.5679
  221.0000    0.7317    0.7317   -0.6445   -0.6445
  222.0000    0.7841    0.7841   -0.5878   -0.5878
  223.0000    0.9347    0.9347   -0.3355   -0.3355
  224.0000    0.9316    0.9316   -0.1087   -0.1087
  225.0000    0.8527    0.8527   -0.1578   -0.1578
  226.0000    0.6105    0.6105   -0.2839   -0.2839
  227.0000    0.4126    0.4126   -0.5249   -0.5249
  228.0000    0.4488    0.4488   -0.8089   -0.8089
  229.0000    0.3831    0.3831   -0.9116   -0.9116
  230.0000    0.3734    0.3734   -0.9027   -0.9027
  231.0000    0.5125    0.5125   -0.9438   -0.9438
  232.0000    0.5489    0.5489   -1.0460   -1.0460
  233.0000    0.5647    0.5647   -1.2057   -1.2057
  234.0000    0.6365    0.6365   -1.0144   -1.0144
  235.0000    0.5598    0.5598   -0.6266   -0.6266
  236.0000    0.3002    0.3002   -0.2840   -0.2840
  237.0000    0.5158   -0.1071    0.6671   -0.0827
  238.0000   -0.5378   -0.5378   -0.0108   -0.0108
  239.0000   -0.8556   -0.8556   -0.0338   -0.0338
  240.0000   -1.0361   -1.0361   -0.0739   -0.0739
  241.0000   -1.2346   -1.2346   -0.0257   -0.0257
  242.0000   -1.3377   -1.3377   -0.0725   -0.0725
  243.0000   -1.3503   -1.3503   -0.0645   -0.0645
  244.0000   -1.3322   -1.3322   -0.1021   -0.1021
  245.0000   -3.0989   -1.3508    1.1696   -0.2537
  246.0000   -1.4997   -1.4997   -0.5642   -0.5642
  247.0000   -1.8553   -1.8553   -0.9874   -0.9874
  248.0000   -2.3105   -2.3105   -1.2430   -1.2430
  249.0000   -2.4946   -2.4946   -1.4180   -1.4180
  250.0000   -2.3966   -2.3966   -1.3501   -1.3501
  251.0000   -2.1744   -2.1744   -1.0440   -1.0440
  252.0000   -1.9560   -1.9560   -0.7652   -0.7652
  253.0000   -1.7734   -1.7734   -0.6096   -0.6096
  254.0000   -1.4549   -1.4549   -0.3087   -0.3087
  255.0000   -1.0470   -1.0470   -0.2099   -0.2099
  256.0000   -0.8336   -0.8336   -0.1032   -0.1032
  257.0000   -0.9549   -0.9549    0.1353    0.1353
  258.0000   -0.6698   -1.2399    0.8529    0.2475
  259.0000   -1.4658   -1.4658    0.4496    0.4496
  260.0000   -1.4195   -1.4195    0.8672    0.8672
  261.0000   -1.0229   -1.0229    0.9890    0.9890
  262.0000   -0.5366   -0.5366    1.0811    1.0811
  263.0000    0.0373    0.0373    0.8520    0.8520
  264.0000    0.4524    0.4524    0.4790    0.4790
  265.0000    0.7085    0.7085    0.0630    0.0630
  266.0000    0.6247    0.6247   -0.3896   -0.3896
  267.0000    0.3845    0.3845   -0.7760   -0.7760
  268.0000    0.2174    0.2174   -1.0160   -1.0160
  269.0000    0.3033    0.3033   -1.1348   -1.1348
  270.0000    0.5824    0.5824   -1.2661   -1.2661
  271.0000    0.7406    0.7406   -1.1353   -1.1353
  272.0000    0.5812    0.5812   -1.0736   -1.0736
  273.0000    0.4847    0.4847   -1.1837   -1.1837
  274.0000    0.3545    0.3545   -1.1575   -1.1575
  275.0000    0.3773    0.3773   -1.0934   -1.0934
  276.0000    0.6756    0.6756   -0.9213   -0.9213
  277.0000    0.8676    0.8676   -0.6453   -0.6453
  278.0000    1.0120    0.7391    0.9308   -0.1441
  279.0000    0.6561    0.6561    0.3573    0.3573
  280.0000    0.8676    0.8676    0.7084    0.7084
  281.0000    0.8786    0.8786    1.2079    1.2079
  282.0000    0.8087    0.8087    1.4920    1.4920
  283.0000    0.4983    0.4983    1.6870    1.6870
  284.0000    0.2541    0.2541    1.5639    1.5639
  285.0000    0.0675    0.0675    1.2223    1.2223
  286.0000    0.2331    0.2331    0.9543    0.9543
  287.0000    0.4757    0.4757    0.9427    0.9427
  288.0000    0.5510    0.5510    0.9503    0.9503
  289.0000    0.4876    0.4876    1.0047    1.0047
  290.0000    0.4797    0.4797    0.9736    0.9736
  291.0000    0.4360    0.4360    0.9276    0.9276
  292.0000    0.4451    0.4451    0.9747    0.9747
  293.0000    0.2732    0.2732    1.1033    1.1033
  294.0000   -0.1123   -0.1123    1.0079    1.0079
  295.0000   -0.4279   -0.4279    0.8768    0.8768
  296.0000   -0.8426   -0.8426    0.8117    0.8117
  297.0000   -1.1909   -1.1909    0.6831    0.6831
  298.0000   -1.5565   -1.5565    0.4427    0.4427
  299.0000   -1.5809   -1.5809    0.5011    0.5011
  300.0000   -1.0600   -1.0600    0.6526    0.6526
  301.0000   -0.4739   -0.4739    0.5006    0.5006
  302.0000   -0.0886   -0.0886    0.1474    0.1474
  303.0000    0.2246    0.2246    0.1481    0.1481
  304.0000    0.4200    0.4200    0.3546    0.3546
  305.0000   -0.3622    0.6911    1.2137    0.5033
  306.0000    0.5861    0.9471    0.6899    0.5767
  307.0000    0.9990    0.9990    0.6164    0.6164
  308.0000    0.7350    0.7350    0.6462    0.6462
  309.0000    0.3013    0.3013    0.6369    0.6369
  310.0000   -0.1766   -0.1766    0.6495    0.6495
  311.0000   -0.3525   -0.3525    0.7780    0.7780
  312.0000   -0.3510   -0.3510    0.8032    0.8032
  313.0000   -0.4561   -0.4561    0.9494    0.9494
  314.0000    0.0042   -0.5146    2.6143    1.1958
  315.0000   -0.6491   -0.6491    1.2096    1.2096
  316.0000   -0.9551   -0.9551    0.7632    0.7632
  317.0000   -0.3804   -1.1082    2.3680    0.1827
  318.0000   -0.7236   -1.0971    0.4712   -0.4125
  319.0000   -1.0214   -1.0214   -0.9951   -0.9951
  320.0000   -0.9350   -0.9350   -1.4731   -1.4731
  321.0000   -0.7596   -0.7596   -1.6389   -1.6389
  322.0000   -0.5832   -0.5832   -1.6750   -1.6750
  323.0000   -0.5324   -0.5324   -1.5116   -1.5116
  324.0000   -0.4685   -0.4685   -1.2404   -1.2404
  325.0000   -0.0234   -0.0234   -0.8808   -0.8808
  326.0000    0.5611    0.5611   -0.4959   -0.4959
  327.0000    0.9724    0.9724   -0.2052   -0.2052
  328.0000    1.2124    1.2124   -0.1364   -0.1364
  329.0000    1.1298    1.1298    0.0224    0.0224
  330.0000    0.7864    0.7864    0.1864    0.1864
  331.0000    0.4254    0.4254    0.2475    0.2475
  332.0000    0.2909    0.2909    0.5330    0.5330
  333.0000    0.2715    0.2715    0.6357    0.6357
  334.0000    0.3268    0.3268    0.5265    0.5265
  335.0000    0.6506    0.6506    0.4998    0.4998
  336.0000    1.1941    1.1941    0.5206    0.5206
  337.0000    1.8055    1.8055    0.6935    0.6935
  338.0000    2.1530    2.1530    0.7093    0.7093
  339.0000    2.4548    2.4548    0.5600    0.5600
  340.0000    2.6181    2.6181    0.6044    0.6044
  341.0000    2.5891    2.5891    0.5752    0.5752
  342.0000    2.3597    2.3597    0.3888    0.3888
  343.0000    2.1147    2.1147   -0.1118   -0.1118
  344.0000    1.7644    1.7644   -0.7575   -0.7575
  345.0000    1.4431    1.4431   -1.0952   -1.0952
  346.0000    1.1028    1.1028   -0.7551   -0.7551
  347.0000    0.7910    0.7910   -0.2825   -0.2825
  348.0000    0.2201    0.2201    0.3925    0.3925
  349.0000   -0.3585   -0.3585    0.8266    0.8266
  350.0000   -0.5005   -0.5005    0.9566    0.9566
  351.0000   -0.3167   -0.3167    0.9546    0.9546
  352.0000    0.2748    0.2748    0.9886    0.9886
  353.0000    0.6376    0.6376    0.5284    0.5284
  354.0000    0.6329    0.6329   -0.1905   -0.1905
  355.0000    0.3498    0.3498   -0.9418   -0.9418
  356.0000    0.0152    0.0152   -1.1870   -1.1870
  357.0000   -0.0866   -0.0866   -0.9676   -0.9676
  358.0000    0.1482    0.1482   -0.6380   -0.6380
  359.0000    0.7484    0.7484   -0.1966   -0.1966
  360.0000    1.0972    1.0972    0.1646    0.1646
  361.0000    1.0302    1.0302    0.2206    0.2206
  362.0000   -1.1245    0.6808    1.1266    0.0546
  363.0000    0.3171    0.3171   -0.1848   -0.1848
  364.0000    0.1082    0.1082   -0.4133   -0.4133
  365.0000   -0.2502   -0.2502   -0.7454   -0.7454
  366.0000   -0.8364   -0.8364   -1.0638   -1.0638
  367.0000   -1.0033   -1.0033   -0.9752   -0.9752
  368.0000   -0.9270   -0.9270   -0.8430   -0.8430
  369.0000   -0.7246   -0.7246   -0.7495   -0.7495
  370.0000   -0.5313   -0.5313   -0.5900   -0.5900
  371.0000   -0.5032   -0.5032   -0.5819   -0.5819
  372.0000   -0.4687   -0.4687   -0.6179   -0.6179
  373.0000   -0.4202   -0.4202   -0.8972   -0.8972
  374.0000   -0.5405   -0.5405   -1.1536   -1.1536
  375.0000   -1.0013   -1.0013   -1.3959   -1.3959
  376.0000    0.5842   -1.2224   -1.7589   -1.4152
  377.0000    0.8120   -1.1444   -1.0734   -1.3443
  378.0000   -0.9005   -0.9005   -1.4321   -1.4321
  379.0000   -0.6136   -0.6136   -1.7449   -1.7449
  380.0000   -0.4338   -0.4338   -1.8580   -1.8580
  381.0000   -0.5045   -0.5045   -1.9192   -1.9192
  382.0000   -0.2826   -0.2826   -1.7310   -1.7310
  383.0000   -0.1078   -0.1078   -1.6052   -1.6052
  384.0000    0.0101    0.0101   -1.6580   -1.6580
  385.0000   -0.0649   -0.0649   -1.6472   -1.6472
  386.0000   -0.2102   -0.2102   -1.6248   -1.6248
  387.0000   -0.1053   -0.1053   -1.6778   -1.6778
  388.0000    0.3965    0.3965   -1.7423   -1.7423
  389.0000    0.8026    0.8026   -1.8007   -1.8007
  390.0000    0.8852    0.8852   -1.7310   -1.7310
  391.0000    0.8692    0.8692   -1.7466   -1.7466
  392.0000    0.8411    0.8411   -1.7443   -1.7443
  393.0000    0.7611    0.7611   -1.4751   -1.4751
  394.0000    0.6773    0.6773   -0.9833   -0.9833
  395.0000    0.4848    0.4848   -0.3280   -0.3280
  396.0000    0.4712    0.4712    0.1355    0.1355
  397.0000    0.6839    0.6839    0.3843    0.3843
  398.0000    1.0359    1.0359    0.8168    0.8168
  399.0000    1.2105    1.2105    1.4871    1.4871
  400.0000    0.8907    0.8907    1.9010    1.9010
  401.0000    0.1105    0.1105    1.9744    1.9744
  402.0000   -0.7861   -0.7861    1.9909    1.9909
  403.0000   -1.3784   -1.3784    1.8043    1.8043
  404.0000   -1.5224   -1.5224    1.6069    1.6069
  405.0000   -1.3646   -1.3646    1.6017    1.6017
  406.0000   -1.0487   -1.0487    1.8246    1.8246
  407.0000   -0.6265   -0.6265    2.2181    2.2181
  408.0000   -0.3553   -0.3553    2.3475    2.3475
  409.0000   -0.5707   -0.5707    2.3678    2.3678
  410.0000   -1.1890   -1.1890    2.5328    2.5328
  411.0000   -1.9563   -1.9563    2.9914    2.9914
  412.0000   -2.4397   -2.4397    3.6848    3.6848
  413.0000   -2.6108   -2.6108    4.0875    4.0875
  414.0000   -2.4098   -2.4098    4.0957    4.0957
  415.0000   -1.8960   -1.8960    3.8899    3.8899
  416.0000   -1.1192   -1.1192    3.6072    3.6072
  417.0000   -0.4993   -0.4993    3.1839    3.1839
  418.0000   -0.3154   -0.3154    2.6544    2.6544
  419.0000   -0.5566   -0.5566    2.0526    2.0526
  420.0000   -1.0027   -1.0027    1.6602    1.6602
  421.0000   -1.3538   -1.3538    1.2221    1.2221
  422.0000   -1.6779   -1.6779    0.7352    0.7352
  423.0000   -2.1241   -2.1241    0.1436    0.1436
  424.0000   -2.4084   -2.4084   -0.5619   -0.5619
  425.0000   -2.5395   -2.5395   -1.2441   -1.2441
  426.0000   -2.6362   -2.6362   -1.6285   -1.6285
  427.0000   -2.6865   -2.6865   -1.5742   -1.5742
  428.0000   -2.4502   -2.4502   -1.5281   -1.5281
  429.0000   -2.0089   -2.0089   -1.1842   -1.1842
  430.0000   -1.2840   -1.2840   -0.5322   -0.5322
  431.0000   -0.5594   -0.5594    0.0109    0.0109
  432.0000   -0.0223   -0.0223    0.5648    0.5648
  433.0000    0.3622    0.3622    0.7320    0.7320
  434.0000    0.6783    0.6783    0.7732    0.7732
  435.0000    0.8863    0.8863    0.5408    0.5408
  436.0000    0.8929    0.8929    0.5173    0.5173
  437.0000    0.8653    0.8653    0.6369    0.6369
  438.0000    0.6613    0.6613    0.8422    0.8422
  439.0000    0.7548    0.4195    1.6020    0.9129
  440.0000    0.2798    0.2798    0.8291    0.8291
  441.0000    0.2785    0.2785    0.5899    0.5899
  442.0000    0.2205    0.2205    0.1564    0.1564
  443.0000    0.1262    0.1262   -0.0910   -0.0910
  444.0000   -0.6906    0.0387   -0.9617   -0.2642
  445.0000   -1.2501   -0.0292   -1.0066   -0.3725
  446.0000   -0.9162   -0.0699   -0.9672   -0.3546
  447.0000   -0.0753   -0.0753   -0.1489   -0.1489
  448.0000   -0.0916   -0.0916    0.1830    0.1830
  449.0000   -0.2433   -0.2433    0.2639    0.2639
  450.0000   -0.3166   -0.3166    0.2274    0.2274
  451.0000   -0.5043   -0.5043    0.1637    0.1637
  452.0000   -0.7126   -0.7126    0.2657    0.2657
  453.0000   -0.5162   -0.5162    0.4073    0.4073
  454.0000    0.0698    0.0698    0.3677    0.3677
  455.0000    0.5743    0.5743    0.1330    0.1330
  456.0000    0.7492    0.7492   -0.2356   -0.2356
  457.0000    0.3765    0.3765   -0.3848   -0.3848
  458.0000   -0.1809   -0.1809   -0.3457   -0.3457
  459.0000   -0.6713   -0.6713   -0.5012   -0.5012
  460.0000   -0.9342   -0.9342   -0.6968   -0.6968
  461.0000   -0.7403   -0.7403   -0.8224   -0.8224
  462.0000   -0.7966   -0.7966   -0.7178   -0.7178
  463.0000   -0.7633   -0.7633   -0.5866   -0.5866
  464.0000   -0.4213   -0.4213   -0.4172   -0.4172
  465.0000   -0.0192   -0.0192   -0.5067   -0.5067
  466.0000    0.2893    0.2893   -0.8040   -0.8040
  467.0000    0.4067    0.4067   -1.1053   -1.1053
  468.0000    0.3937    0.3937   -1.3674   -1.3674
  469.0000    0.3508    0.3508   -1.6481   -1.6481
  470.0000    0.2079    0.2079   -1.8284   -1.8284
  471.0000    0.2535    0.2535   -2.0785   -2.0785
  472.0000    2.0584    0.7938   -2.2391   -2.0390
  473.0000    1.5729    1.5729   -1.8933   -1.8933
  474.0000    2.2369    2.2369   -1.8422   -1.8422
  475.0000    2.6622    2.6622   -1.6329   -1.6329
  476.0000    2.8866    2.8866   -1.6379   -1.6379
  477.0000    2.9294    2.9294   -1.8302   -1.8302
  478.0000    3.1086    3.1086   -1.9525   -1.9525
  479.0000    2.8276    2.8276   -1.9865   -1.9865
  480.0000    2.4993    2.4993   -1.9312   -1.9312
  481.0000    2.1790    2.1790   -1.8120   -1.8120
  482.0000    1.6830    1.6830   -1.5608   -1.5608
  483.0000    0.9111    0.9111   -1.3237   -1.3237
  484.0000    0.4227    0.4227   -1.1994   -1.1994
  485.0000    0.0934    0.0934   -1.0569   -1.0569
  486.0000    0.4139    0.0657   -1.0872   -0.9016
  487.0000   -0.4045    0.2988   -1.5130   -0.7545
  488.0000   -0.4595    0.6677   -1.0306   -0.6266
  489.0000   -0.3849    1.0472   -1.1071   -0.5291
  490.0000   -0.5955    1.3124   -2.0205   -0.4732
  491.0000    1.3381    1.3381   -0.4700   -0.4700
  492.0000    1.0737    1.0737   -0.4137   -0.4137
  493.0000    0.7622    0.7622    0.0217    0.0217
  494.0000    2.1044    0.6470    0.2187    0.4024
  495.0000    0.7531    0.7531    0.4906    0.4906
  496.0000    1.0622    1.0622    0.3386    0.3386
  497.0000    1.5149    1.5149    0.4125    0.4125
  498.0000    1.7698    1.7698    0.3884    0.3884
  499.0000    1.6644    1.6644    0.4730    0.4730
  500.0000    1.4187    1.4187    0.6330    0.6330
  501.0000    0.9532    0.9532    0.9048    0.9048
  502.0000    0.3275    0.3275    1.0612    1.0612
  503.0000   -0.1672   -0.1672    0.8786    0.8786
  504.0000   -0.3965   -0.3965    0.4760    0.4760
  505.0000   -0.3558   -0.3558   -0.0784   -0.0784
  506.0000   -0.3784   -0.3784   -0.3199   -0.3199
  507.0000   -0.5746   -0.5746   -0.3901   -0.3901
  508.0000   -0.6833   -0.6833   -0.4204   -0.4204
  509.0000   -0.9918   -0.9918   -0.2771   -0.2771
  510.0000   -1.0866   -1.0866   -0.2080   -0.2080
  511.0000   -0.4929   -1.1210   -0.2011   -0.1068
  512.0000   -1.2064   -1.2064   -0.0463   -0.0463
  513.0000   -1.3503   -1.3503   -0.0887   -0.0887
  514.0000   -1.4598   -1.4598   -0.0442   -0.0442
  515.0000   -0.7763   -1.5567    1.6366   -0.0501
  516.0000   -1.6901   -1.6293    0.9118   -0.1350
  517.0000   -1.3745   -1.6473    0.2197   -0.2707
  518.0000   -0.4126   -1.5801   -0.2435   -0.4289
  519.0000   -1.3972   -1.3972   -0.5813   -0.5813
  520.0000   -1.1319   -1.1319   -0.6767   -0.6767
  521.0000   -0.9378   -0.9378   -0.6232   -0.6232
  522.0000   -0.6656   -0.6656   -0.4860   -0.4860
  523.0000   -0.5130   -0.5130   -0.2239   -0.2239
  524.0000   -0.2268   -0.2268    0.1811    0.1811
  525.0000    0.0117    0.0117    0.1498    0.1498
  526.0000    0.0009    0.0009    0.0152    0.0152
  527.0000   -0.1130   -0.1130   -0.1113   -0.1113
  528.0000   -0.1566   -0.1566    0.0207    0.0207
  529.0000    0.0483    0.0483    0.3524    0.3524
  530.0000    0.2118    0.2118    0.6559    0.6559
  531.0000    0.1214    0.1214    0.7606    0.7606
  532.0000    0.0532    0.0532    1.0515    1.0515
  533.0000   -0.0552   -0.0552    1.2218    1.2218
  534.0000    0.8544   -0.1415    0.4002    1.5556
  535.0000   -0.1569   -0.1569    1.9042    1.9042
  536.0000   -0.0558   -0.0558    2.0753    2.0753
  537.0000    0.1862    0.1862    2.2827    2.2827
  538.0000    0.3624    0.3624    2.4013    2.4013
  539.0000    0.5578    0.5578    2.2522    2.2522
  540.0000    0.6295    0.6295    1.9455    1.9455
  541.0000    0.6877    0.6877    1.3644    1.3644
  542.0000    0.8062    0.8062    0.6554    0.6554
  543.0000    0.7800    0.7800    0.5335    0.5335
  544.0000    0.7484    0.7484    0.7067    0.7067
  545.0000    1.0002    1.0002    1.1026    1.1026
  546.0000   -0.1984    1.1587    0.7270    1.4450
  547.0000    1.2749    1.2749    1.5827    1.5827
  548.0000    1.5061    1.5061    1.4556    1.4556
  549.0000    1.7505    1.7505    1.1723    1.1723
  550.0000    1.7710    1.7710    0.9710    0.9710
  551.0000    1.5702    1.5702    0.8486    0.8486
  552.0000    1.3439    1.3439    0.5649    0.5649
  553.0000    1.0739    1.0739    0.2052    0.2052
  554.0000    0.4819    0.4819   -0.1609   -0.1609
  555.0000   -0.0983   -0.0983   -0.1622   -0.1622
  556.0000   -0.5916   -0.5916   -0.2335   -0.2335
  557.0000   -1.0251   -1.0251   -0.2560   -0.2560
  558.0000   -1.4613   -1.4613   -0.2463   -0.2463
  559.0000   -0.2221   -1.8130   -1.3409   -0.0036
  560.0000   -1.8789   -1.8789    0.3205    0.3205
  561.0000   -1.5532   -1.5532    0.4729    0.4729
  562.0000   -1.1979   -1.1979    0.3581    0.3581
  563.0000   -1.1555   -1.1555    0.2474    0.2474
  564.0000   -1.1910   -1.1910    0.1995    0.1995
  565.0000   -1.2677   -1.2677   -0.1292   -0.1292
  566.0000   -1.2207   -1.2207   -0.3045   -0.3045
  567.0000   -1.0890   -1.0890   -0.2242   -0.2242
  568.0000   -0.9835   -0.9835    0.0228    0.0228
  569.0000   -1.1366   -1.1366    0.2890    0.2890
  570.0000   -1.4083   -1.4083    0.6076    0.6076
  571.0000   -1.6011   -1.6011    0.9285    0.9285
  572.0000   -1.6149   -1.6149    1.0289    1.0289
  573.0000   -1.4716   -1.4716    0.8404    0.8404
  574.0000   -1.1849   -1.1849    0.5766    0.5766
  575.0000   -0.7282   -0.7282    0.3762    0.3762
  576.0000   -0.4784   -0.4784    0.1832    0.1832
  577.0000   -0.2722   -0.2722   -0.0577   -0.0577
  578.0000   -0.0375   -0.0375   -0.3820   -0.3820
  579.0000    0.3147    0.3147   -0.5655   -0.5655
  580.0000    0.7176    0.7176   -0.6330   -0.6330
  581.0000    0.8156    0.8156   -0.6483   -0.6483
  582.0000    0.7969    0.7969   -0.5774   -0.5774
  583.0000    0.9995    0.9995   -0.3714   -0.3714
  584.0000    1.0079    1.0079   -0.3785   -0.3785
  585.0000    0.8454    0.8454   -0.2743   -0.2743
  586.0000    0.7165    0.7165   -0.0553   -0.0553
  587.0000    0.4344    0.4344    0.1537    0.1537
  588.0000    0.2819    0.2819    0.2646    0.2646
  589.0000    0.2167    0.2167    0.4116    0.4116
  590.0000    0.1715    0.1715    0.4086    0.4086
  591.0000    0.2017    0.2017    0.1889    0.1889
  592.0000    0.1538    0.1538   -0.0672   -0.0672
  593.0000    0.1511    0.1511   -0.3869   -0.3869
  594.0000    0.1804    0.1804   -0.7094   -0.7094
  595.0000    0.1000    0.1000   -1.0992   -1.0992
  596.0000    0.1825    0.1825   -1.3742   -1.3742
  597.0000    0.4188    0.4188   -1.4528   -1.4528
  598.0000    0.9296    0.9296   -1.3456   -1.3456
  599.0000    1.2282    1.2282   -0.9171   -0.9171
  600.0000    1.2193    1.2193   -0.6200   -0.6200
  601.0000    1.0340    1.0340   -0.2750   -0.2750
  602.0000    0.9034    0.9034    0.0301    0.0301
  603.0000    0.8338    0.8338    0.4244    0.4244
  604.0000    0.5473    0.5473    0.5388    0.5388
  605.0000    0.0018    0.0018    0.5649    0.5649
  606.0000   -0.4239   -0.4239    0.4101    0.4101
  607.0000   -0.6503   -0.6503    0.2739    0.2739
  608.0000   -0.4507   -0.4507    0.2948    0.2948
  609.0000   -0.2364   -0.2364    0.2965    0.2965
  610.0000   -0.0899   -0.0899   -0.1083   -0.1083
  611.0000    0.0072    0.0072   -0.3618   -0.3618
  612.0000   -0.0588   -0.0588   -0.4474   -0.4474
  613.0000   -0.2249   -0.2249   -0.4387   -0.4387
  614.0000   -0.2733   -0.2733   -0.5927   -0.5927
  615.0000   -0.2417   -0.2417   -0.8581   -0.8581
  616.0000   -0.1032   -0.1032   -1.2574   -1.2574
  617.0000    0.1082    0.1082   -1.7477   -1.7477
  618.0000    0.1912    0.1912   -2.4816   -2.4816
  619.0000    0.1808    0.1808   -3.0242   -3.0242
  620.0000    0.3440    0.3440   -3.4375   -3.4375
  621.0000    0.3185    0.3185   -3.7591   -3.7591
  622.0000    0.2925    0.2925   -3.6708   -3.6708
  623.0000    0.5412    0.5412   -3.1914   -3.1914
  624.0000    0.8998    0.8998   -2.6455   -2.6455
  625.0000    1.1179    1.1179   -2.2300   -2.2300
  626.0000    1.2995    1.2995   -1.7544   -1.7544
  627.0000    1.2370    1.2370   -1.4023   -1.4023
  628.0000    1.0996    1.0996   -1.1191   -1.1191
  629.0000    0.7335    0.7335   -1.0526   -1.0526
  630.0000    0.2209    0.2209   -0.8723   -0.8723
  631.0000   -0.0868   -0.0868   -0.7545   -0.7545
  632.0000   -0.4921   -0.4921   -0.4996   -0.4996
  633.0000   -0.9553   -0.9553   -0.4650   -0.4650
  634.0000   -1.2405   -1.2405   -0.4198   -0.4198
  635.0000   -1.3422   -1.3422   -0.4187   -0.4187
  636.0000   -1.2566   -1.2566   -0.2503   -0.2503
  637.0000   -1.0547   -1.0547    0.1006    0.1006
  638.0000   -0.8075   -0.8075    0.4638    0.4638
  639.0000   -0.7370   -0.7370    0.6601    0.6601
  640.0000   -0.7392   -0.7392    0.6347    0.6347
  641.0000   -0.6087   -0.6087    0.6057    0.6057
  642.0000   -0.2963   -0.2963    0.4208    0.4208
  643.0000   -0.0997   -0.0997    0.2326    0.2326
  644.0000    0.0913    0.0913    0.2651    0.2651
  645.0000    0.3457    0.3457    0.3327    0.3327
  646.0000    0.4847    0.4847    0.4842    0.4842
  647.0000    0.5187    0.5187    0.8663    0.8663
  648.0000    0.6113    0.6113    1.0174    1.0174
  649.0000    0.8492    0.8492    0.9576    0.9576
  650.0000    1.1677    1.1677    0.6627    0.6627
  651.0000    1.3276    1.3276    0.3150    0.3150
  652.0000    1.2249    1.2249   -0.1550   -0.1550
  653.0000    1.2495    1.2495   -0.6676   -0.6676
  654.0000    1.3850    1.3850   -0.7334   -0.7334
  655.0000    1.7586    1.7586   -0.4568   -0.4568
  656.0000    2.0747    2.0747   -0.0459   -0.0459
  657.0000    2.2758    2.2758    0.3778    0.3778
  658.0000    2.2330    2.2330    0.9183    0.9183
  659.0000    1.9050    1.9050    1.3474    1.3474
  660.0000    1.5703    1.5703    1.0381    1.0381
  661.0000    1.1159    1.1159    0.5948    0.5948
  662.0000    0.9458    0.9458    0.2604    0.2604
  663.0000    1.0655    1.0655   -0.0124   -0.0124
  664.0000    1.1245    1.1245   -0.3427   -0.3427
  665.0000    1.1568    1.1568   -0.4910   -0.4910
  666.0000    0.9307    0.9307   -0.2518   -0.2518
  667.0000    0.5652    0.5652   -0.0595   -0.0595
  668.0000    0.3521    0.3521    0.0039    0.0039
  669.0000    0.2430    0.2430    0.1454    0.1454
  670.0000    0.1370    0.1370    0.2394    0.2394
  671.0000    0.1428    0.1428    0.0762    0.0762
  672.0000   -0.0838   -0.0838   -0.0729   -0.0729
  673.0000   -0.4214   -0.4214    0.0410    0.0410
  674.0000   -0.8208   -0.8208    0.3009    0.3009
  675.0000   -1.0484   -1.0484    0.6113    0.6113
  676.0000   -0.9669   -0.9669    0.9020    0.9020
  677.0000   -0.8923   -0.8923    0.9371    0.9371
  678.0000   -1.5253   -0.8039    2.3598    0.8826
  679.0000   -1.2752   -0.7314    3.1667    0.8235
  680.0000   -1.0144   -0.7496    2.9684    0.7908
  681.0000   -0.9336   -0.9336    0.8158    0.8158
  682.0000   -1.2992   -1.2992    0.8668    0.8668
  683.0000   -1.6447   -1.6447    0.6988    0.6988
  684.0000   -1.8586   -1.8586    0.2452    0.2452
  685.0000   -2.1199   -2.1199   -0.1635   -0.1635
  686.0000   -2.4193   -2.4193   -0.1516   -0.1516
  687.0000   -2.2487   -2.2487    0.2856    0.2856
  688.0000   -1.7388   -1.7388    0.6472    0.6472
  689.0000   -1.1307   -1.1307    0.9732    0.9732
  690.0000   -0.8431   -0.8431    1.1370    1.1370
  691.0000   -0.7763   -0.7763    1.1918    1.1918
  692.0000   -0.8411   -0.8411    1.0538    1.0538
  693.0000   -0.8839   -0.8839    0.8014    0.8014
  694.0000   -1.1019   -1.1019    0.5815    0.5815
  695.0000   -1.1723   -1.1723    0.3182    0.3182
  696.0000   -1.2999   -1.2999   -0.0382   -0.0382
  697.0000   -1.4962   -1.4962   -0.4377   -0.4377
  698.0000   -1.3641   -1.3641   -0.8897   -0.8897
  699.0000   -1.1445   -1.1445   -1.1822   -1.1822
  700.0000   -1.0349   -1.0349   -1.0249   -1.0249
  701.0000   -1.1447   -1.1447   -0.8003   -0.8003
  702.0000   -1.2370   -1.2370   -0.4441   -0.4441
  703.0000   -1.0587   -1.0587   -0.1265   -0.1265
  704.0000   -0.6997   -0.6997    0.0696    0.0696
  705.0000   -0.0866   -0.0866    0.4011    0.4011
  706.0000    0.4812    0.4812    0.7768    0.7768
  707.0000    0.8680    0.8680    1.0786    1.0786
  708.0000    1.0824    1.0824    1.3008    1.3008
  709.0000    1.0942    1.0942    1.5845    1.5845
  710.0000    0.9396    0.9396    1.9829    1.9829
  711.0000    0.7135    0.7135    2.1891    2.1891
  712.0000    0.6363    0.6363    1.9794    1.9794
  713.0000    0.5128    0.5128    1.6874    1.6874
  714.0000    0.5433    0.5433    1.4837    1.4837
  715.0000    0.7763    0.7763    1.1249    1.1249
  716.0000    1.0317    1.0317    0.5404    0.5404
  717.0000    1.0662    1.0662    0.1478    0.1478
  718.0000    0.9337    0.9337   -0.1272   -0.1272
  719.0000    0.9507    0.9507   -0.4584   -0.4584
  720.0000    0.9832    0.9832   -0.8552   -0.8552
  721.0000    1.0602    1.0602   -1.4903   -1.4903
  722.0000    1.0188    1.0188   -1.9605   -1.9605
  723.0000    0.8372    0.8372   -2.0469   -2.0469
  724.0000    0.5478    0.5478   -1.8594   -1.8594
  725.0000    0.2636    0.2636   -1.4715   -1.4715
  726.0000   -0.2515   -0.2515   -1.1076   -1.1076
  727.0000   -0.5797   -0.5797   -1.1021   -1.1021
  728.0000   -0.4189   -0.4189   -1.1192   -1.1192
  729.0000   -0.0522   -0.0522   -1.0047   -1.0047
  730.0000    0.4129    0.4129   -0.9036   -0.9036
  731.0000    0.5928    0.5928   -0.8398   -0.8398
  732.0000    0.5811    0.5811   -0.8331   -0.8331
  733.0000    0.2915    0.2915   -0.7259   -0.7259
  734.0000   -0.0033   -0.0033   -0.5873   -0.5873
  735.0000   -0.1085   -0.1085   -0.2735   -0.2735
  736.0000    0.0249    0.0249    0.1334    0.1334
  737.0000    0.0799    0.0799    0.3072    0.3072
  738.0000    0.1617    0.1617    0.6234    0.6234
  739.0000    0.2986    0.2986    0.9045    0.9045
  740.0000    0.2945    0.2945    1.0084    1.0084
  741.0000    0.3494    0.3494    1.1310    1.1310
  742.0000    0.4842    0.4842    1.1318    1.1318
  743.0000    0.5410    0.5410    0.7851    0.7851
  744.0000    0.4698    0.4698    0.7082    0.7082
  745.0000    0.1601    0.1601    0.8415    0.8415
  746.0000   -0.3638   -0.3638    0.7752    0.7752
  747.0000   -0.5578   -0.6824    2.1182    0.5094
  748.0000   -0.3632   -0.7297    1.4531    0.1340
  749.0000   -0.5591   -0.5591   -0.2681   -0.2681
  750.0000   -0.2868   -0.2868   -0.6399   -0.6399
  751.0000   -0.2401   -0.2401   -0.9360   -0.9360
  752.0000   -0.5119   -0.5119   -0.7986   -0.7986
  753.0000   -0.7279   -0.7279   -0.1281   -0.1281
  754.0000   -0.8890   -0.8890    0.4529    0.4529
  755.0000   -1.0077   -1.0077    1.1513    1.1513
  756.0000   -1.0908   -1.0908    1.6600    1.6600
  757.0000   -1.0872   -1.0872    1.5892    1.5892
  758.0000   -1.2850   -1.2850    1.3914    1.3914
  759.0000   -1.3709   -1.3709    1.2931    1.2931
  760.0000   -1.1786   -1.1786    1.2288    1.2288
  761.0000   -0.9081   -0.9081    1.0727    1.0727
  762.0000   -0.7265   -0.7265    0.7256    0.7256
  763.0000   -0.7125   -0.7125    0.4904    0.4904
  764.0000   -0.8761   -0.8761    0.5252    0.5252
  765.0000   -1.2011   -1.2011    0.4898    0.4898
  766.0000   -1.4005   -1.4005    0.6868    0.6868
  767.0000   -1.3272   -1.3272    0.9617    0.9617
  768.0000   -1.3174   -1.3174    1.3081    1.3081
  769.0000   -1.0856   -1.0856    1.4083    1.4083
  770.0000   -0.6506   -0.6506    1.1900    1.1900
  771.0000   -0.4034   -0.4034    0.6457    0.6457
  772.0000   -0.2260   -0.2260    0.0862    0.0862
  773.0000   -0.3152   -0.3152   -0.1340   -0.1340
  774.0000   -0.2254   -0.2254   -0.3290   -0.3290
  775.0000    0.2041    0.2041   -0.1618   -0.1618
  776.0000    0.6044    0.6044   -0.0004   -0.0004
  777.0000    0.8812    0.8812    0.0561    0.0561
  778.0000    0.9533    0.9533   -0.0178   -0.0178
  779.0000    1.5456    0.8509    1.0070    0.0245
  780.0000    1.0504    0.6699    1.2914    0.1940
  781.0000    0.0637    0.5144    1.5679    0.4175
  782.0000    0.4885    0.4885    0.6220    0.6220
  783.0000    0.6097    0.6097    0.7622    0.7622
  784.0000    0.6100    0.6100    0.8711    0.8711
  785.0000    0.4241    0.4241    0.9071    0.9071
  786.0000    0.2122    0.2122    0.8580    0.8580
  787.0000    0.0421    0.0421    0.6197    0.6197
  788.0000   -0.0153   -0.0153    0.3341    0.3341
  789.0000    0.2081    0.2081   -0.1021   -0.1021
  790.0000    0.2585    0.2585   -0.3761   -0.3761
  791.0000    0.4398    0.4398   -0.3622   -0.3622
  792.0000    0.5457    0.5457   -0.3459   -0.3459
  793.0000    0.9060    0.9060   -0.1646   -0.1646
  794.0000    1.3452    1.3452    0.0643    0.0643
  795.0000    1.6247    1.6247    0.2250    0.2250
  796.0000    1.6556    1.6556    0.0117    0.0117
  797.0000    1.2451    1.2451   -0.3129   -0.3129
  798.0000    0.8204    0.8204   -0.6478   -0.6478
  799.0000    0.3113    0.3113   -1.0127   -1.0127
  800.0000   -0.1352   -0.1352   -1.3982   -1.3982
  801.0000   -0.3978   -0.3978   -1.8263   -1.8263
  802.0000   -0.3233   -0.3233   -1.7007   -1.7007
  803.0000   -0.2781   -0.2781   -1.3295   -1.3295
  804.0000   -0.4371   -0.4371   -1.0802   -1.0802
  805.0000   -0.7364   -0.7364   -0.8870   -0.8870
  806.0000   -0.7670   -0.7670   -0.6299   -0.6299
  807.0000   -0.4742   -0.4742   -0.4069   -0.4069
  808.0000   -0.2504   -0.2504   -0.4725   -0.4725
  809.0000   -0.0501   -0.0501   -0.5565   -0.5565
  810.0000    0.1850    0.1850   -0.4137   -0.4137
  811.0000    0.3726    0.3726   -0.2020   -0.2020
  812.0000    0.6950    0.6950   -0.3860   -0.3860
  813.0000    1.0485    1.0485   -0.5303   -0.5303
  814.0000    1.0296    1.0296   -0.2956   -0.2956
  815.0000    0.7907    0.7907    0.0871    0.0871
  816.0000    0.3671    0.3671    0.2301    0.2301
  817.0000    0.0120    0.0120    0.0288    0.0288
  818.0000   -0.0302   -0.0302   -0.0508   -0.0508
  819.0000   -0.0261   -0.0261    0.2577    0.2577
  820.0000    0.1319    0.1319    0.4849    0.4849
  821.0000    0.3784    0.3784    0.5898    0.5898
  822.0000    0.3681    0.3681    0.6281    0.6281
  823.0000    0.2111    0.2111    0.6350    0.6350
  824.0000   -0.0940   -0.0940    0.4934    0.4934
  825.0000   -0.3057   -0.3057    0.5670    0.5670
  826.0000    0.2902   -0.1669    0.1781    0.6087
  827.0000    0.1429    0.1429    0.5365    0.5365
  828.0000    0.3454    0.3454    0.4115    0.4115
  829.0000    0.2944    0.2944    0.4919    0.4919
  830.0000    0.1540    0.1540    0.8998    0.8998
  831.0000    0.1163    0.1163    1.0428    1.0428
  832.0000    0.2792    0.2792    0.9877    0.9877
  833.0000    0.2869    0.2869    0.9192    0.9192
  834.0000    0.1584    0.1584    0.9858    0.9858
  835.0000   -0.1563   -0.1563    0.8717    0.8717
  836.0000   -0.4668   -0.4668    0.7549    0.7549
  837.0000   -0.5461   -0.5461    0.4161    0.4161
  838.0000   -0.4613   -0.4613    0.0052    0.0052
  839.0000   -0.5908   -0.5908   -0.1597   -0.1597
  840.0000   -0.9616   -0.9616   -0.3770   -0.3770
  841.0000   -0.2380   -1.2691   -1.1148   -0.7675
  842.0000   -1.8530   -1.4477   -1.5759   -1.1951
  843.0000   -1.5109   -1.5109   -1.4795   -1.4795
  844.0000   -1.5229   -1.5229   -1.5372   -1.5372
  845.0000   -1.6201   -1.6201   -1.5656   -1.5656
  846.0000   -1.5768   -1.5768   -1.4609   -1.4609
  847.0000   -1.4484   -1.4484   -1.1522   -1.1522
  848.0000   -1.4149   -1.4149   -0.7326   -0.7326
  849.0000   -1.4741   -1.4741   -0.5210   -0.5210
  850.0000   -1.1677   -1.1677   -0.5107   -0.5107
  851.0000   -0.8864   -0.8864   -0.4334   -0.4334
  852.0000   -0.7806   -0.7806   -0.2762   -0.2762
  853.0000   -0.7644   -0.7644   -0.1559   -0.1559
  854.0000   -0.6376   -0.6376   -0.0700   -0.0700
  855.0000   -0.5830   -0.5830   -0.0426   -0.0426
  856.0000   -0.6398   -0.6398   -0.0185   -0.0185
  857.0000   -0.7007   -0.7007    0.0294    0.0294
  858.0000   -0.8435   -0.8435   -0.3585   -0.3585
  859.0000   -1.1560   -1.1560   -0.8176   -0.8176
  860.0000   -1.3686   -1.3686   -1.1632   -1.1632
  861.0000   -1.3823   -1.3823   -1.3161   -1.3161
  862.0000   -1.1696   -1.1696   -1.1323   -1.1323
  863.0000   -0.6718   -0.6718   -0.9586   -0.9586
  864.0000   -0.2839   -0.2839   -0.7119   -0.7119
  865.0000   -0.1019   -0.1019   -0.5918   -0.5918
  866.0000   -0.0440   -0.0440   -0.7470   -0.7470
  867.0000    0.1377    0.1377   -1.0906   -1.0906
  868.0000    0.3677    0.3677   -1.3780   -1.3780
  869.0000    0.5998    0.5998   -1.3782   -1.3782
  870.0000    0.7281    0.7281   -1.3796   -1.3796
  871.0000    0.4387    0.4387   -1.2537   -1.2537
  872.0000    0.2243    0.2243   -1.0754   -1.0754
  873.0000    0.0134    0.0134   -0.7925   -0.7925
  874.0000   -0.3156   -0.3156   -0.4046   -0.4046
  875.0000   -0.5008   -0.5008   -0.2945   -0.2945
  876.0000   -0.5385   -0.5385   -0.3207   -0.3207
  877.0000   -0.2272   -0.2272    0.0294    0.0294
  878.0000    0.2165    0.2165    0.1010    0.1010
  879.0000    0.3920    0.3920    0.1886    0.1886
  880.0000    0.3295    0.3295    0.5218    0.5218
  881.0000   -0.0005    0.2764    1.2776    0.8459
  882.0000    0.2908    0.2132    1.0975    1.0205
  883.0000    0.0423    0.0423    0.9630    0.9630
  884.0000   -0.2366   -0.2366    0.6764    0.6764
  885.0000   -0.3433   -0.3433    0.4200    0.4200
  886.0000   -0.2591   -0.2591    0.2641    0.2641
  887.0000    0.0740    0.0740    0.3770    0.3770
  888.0000    0.1816    0.1816    0.5616    0.5616
  889.0000    0.0523    0.0523    0.6275    0.6275
  890.0000   -0.0587   -0.0587    0.5797    0.5797
  891.0000    0.0300    0.0300    0.5951    0.5951
  892.0000    0.4675    0.4675    0.7528    0.7528
  893.0000    0.9387    0.9387    0.9656    0.9656
  894.0000    1.2208    1.2208    1.2505    1.2505
  895.0000    1.6073    1.6073    1.3041    1.3041
  896.0000    1.8125    1.8125    1.1146    1.1146
  897.0000    1.7562    1.7562    0.9929    0.9929
  898.0000    1.4680    1.4680    0.9141    0.9141
  899.0000    1.0413    1.0413    0.7051    0.7051
  900.0000    0.3344    0.3344    0.2050    0.2050
  901.0000   -0.0451   -0.0451   -0.4310   -0.4310
  902.0000   -0.2039   -0.2039   -0.9788   -0.9788
  903.0000   -0.1571   -0.1571   -1.3914   -1.3914
  904.0000    0.0933    0.0933   -1.4940   -1.4940
  905.0000    0.2992    0.2992   -1.5042   -1.5042
  906.0000    0.5463    0.5463   -1.3937   -1.3937
  907.0000    0.5621    0.5621   -1.2680   -1.2680
  908.0000    0.4792    0.4792   -1.0410   -1.0410
  909.0000    0.4117    0.4117   -0.7781   -0.7781
  910.0000    0.3506    0.3506   -0.6319   -0.6319
  911.0000    0.3583    0.3583   -0.6632   -0.6632
  912.0000    0.1846    0.1846   -0.8062   -0.8062
  913.0000    1.0590    0.2380   -2.1629   -0.9856
  914.0000    0.5368    0.5368   -0.9743   -0.9743
  915.0000    0.9038    0.9038   -0.5703   -0.5703
  916.0000    1.1258    1.1258    0.0790    0.0790
  917.0000    1.2333    1.2333    0.5774    0.5774
  918.0000    1.0003    1.0003    0.9534    0.9534
  919.0000   -0.3256    0.9301    0.9541    1.1978
  920.0000    0.9962    0.9962    1.2632    1.2632
  921.0000    0.3968    1.0113    2.0760    1.1352
  922.0000    0.9494    0.9494    0.9260    0.9260
  923.0000    0.8426    0.8426    0.7268    0.7268
  924.0000    0.8002    0.8002    0.5448    0.5448
  925.0000    0.8962    0.8962    0.6538    0.6538
  926.0000    0.9895    0.9895    0.8079    0.8079
  927.0000    1.1426    1.1426    0.9444    0.9444
  928.0000    1.1722    1.1722    0.9478    0.9478
  929.0000    1.0219    1.0219    1.1640    1.1640
  930.0000    0.9178    0.9178    1.5622    1.5622
  931.0000    0.8331    0.8331    1.5536    1.5536
  932.0000    0.5608    0.5608    1.1666    1.1666
  933.0000    0.3689    0.3689    0.7666    0.7666
  934.0000    0.1069    0.1069    0.4419    0.4419
  935.0000    0.0863    0.0863    0.1982    0.1982
  936.0000   -0.0476   -0.0476    0.0989    0.0989
  937.0000   -0.3310   -0.3310   -0.1982   -0.1982
  938.0000   -0.4126   -0.4126   -0.3988   -0.3988
  939.0000   -0.1621   -0.1621   -0.3210   -0.3210
  940.0000    0.3759    0.3759   -0.2186   -0.2186
  941.0000    0.6711    0.6711   -0.0736   -0.0736
  942.0000    0.7803    0.7803   -0.0498   -0.0498
  943.0000    0.8529    0.8529    0.1558    0.1558
  944.0000    0.7654    0.7654    0.4880    0.4880
  945.0000    0.7122    0.7122    0.6860    0.6860
  946.0000    0.4464    0.4464    0.5992    0.5992
  947.0000    0.0677    0.0677    0.3587    0.3587
  948.0000   -0.4877   -0.4877    0.1358    0.1358
  949.0000   -1.0773   -1.0773   -0.0312   -0.0312
  950.0000   -1.1188   -1.5993   -2.9713   -0.3031
  951.0000   -1.0305   -1.9958   -2.3522   -0.6547
  952.0000   -2.0409   -2.2123   -1.4784   -0.9990
  953.0000   -2.1941   -2.1941   -1.2489   -1.2489
  954.0000   -1.9615   -1.9615   -1.3428   -1.3428
  955.0000   -1.7636   -1.7636   -1.3385   -1.3385
  956.0000   -1.6340   -1.6340   -1.3689   -1.3689
  957.0000   -1.5623   -1.5623   -1.4688   -1.4688
  958.0000   -1.6257   -1.6257   -1.5510   -1.5510
  959.0000   -1.6139   -1.6139   -1.4634   -1.4634
  960.0000   -1.8288   -1.8288   -1.2303   -1.2303
  961.0000   -1.8964   -1.8964   -0.9543   -0.9543
  962.0000   -1.9658   -1.9658   -0.8286   -0.8286
  963.0000   -1.9674   -1.9674   -0.7007   -0.7007
  964.0000   -2.2811   -1.9130   -0.4082   -0.4404
  965.0000   -1.7812   -1.7885   -0.9623   -0.1181
  966.0000   -1.2462   -1.5588   -1.5200    0.1505
  967.0000   -1.3779   -1.1887   -1.7601    0.2499
  968.0000   -0.6431   -0.6431    0.0643    0.0643
  969.0000    0.0326    0.0326   -0.4133   -0.4133
  970.0000    0.6050    0.6050   -0.9345   -0.9345
  971.0000    1.1755    1.1755   -1.5904   -1.5904
  972.0000    1.6075    1.6075   -1.8603   -1.8603
  973.0000    1.9012    1.9012   -1.8492   -1.8492
  974.0000    1.7866    1.7866   -1.5286   -1.5286
  975.0000    1.7049    1.7049   -1.2413   -1.2413
  976.0000    1.5288    1.5288   -1.1415   -1.1415
  977.0000    1.3787    1.3787   -1.1562   -1.1562
  978.0000    1.1756    1.1756   -1.2427   -1.2427
  979.0000    1.0569    1.0569   -1.1377   -1.1377
  980.0000    1.3037    1.3037   -0.7455   -0.7455
  981.0000    1.5290    1.5290   -0.2068   -0.2068
  982.0000    1.5647    1.5647    0.2363    0.2363
  983.0000    1.5891    1.5891    0.5299    0.5299
  984.0000    1.4775    1.4775    0.4767    0.4767
  985.0000    1.2718    1.2718    0.4331    0.4331
  986.0000    0.8837    0.8837    0.3607    0.3607
  987.0000    0.7703    0.7703    0.4463    0.4463
  988.0000    1.1128    1.1128    0.5602    0.5602
  989.0000    1.3556    1.3556    0.6379    0.6379
  990.0000    1.4900    1.4900    0.4023    0.4023
  991.0000    1.4911    1.4911    0.3260    0.3260
  992.0000    1.2526    1.2526    0.2605    0.2605
  993.0000    0.7475    0.7475    0.1787    0.1787
  994.0000    0.1460    0.1460    0.1207    0.1207
  995.0000   -1.1388   -0.2959    0.4365    0.1930
  996.0000   -0.6126   -0.6126    0.4213    0.4213
  997.0000   -0.9493   -0.9493    0.7858    0.7858
  998.0000   -1.3620   -1.3620    1.2217    1.2217
  999.0000   -1.3623   -1.3623    1.6561    1.6561
 1000.0000   -1.2153   -1.2153    1.8167    1.8167
 1001.0000   -1.0849   -1.0849    1.9472    1.9472
 1002.0000   -0.9770   -0.9770    2.0642    2.0642
 1003.0000   -1.0896   -1.0896    1.8927    1.8927
 1004.0000   -1.1256   -1.1256    1.4327    1.4327
 1005.0000   -1.1347   -1.1347    1.0039    1.0039
 1006.0000   -1.2751   -1.2751    0.8956    0.8956
 1007.0000   -1.2240   -1.2240    0.9740    0.9740
 1008.0000   -1.2040   -1.2040    0.9862    0.9862
 1009.0000   -1.1507   -1.1507    1.0454    1.0454
 1010.0000   -1.0831   -1.0831    1.0480    1.0480
 1011.0000   -0.8638   -0.8638    1.1262    1.1262
 1012.0000   -0.7782   -0.7782    1.0671    1.0671
 1013.0000   -1.0667   -1.0667    0.7630    0.7630
 1014.0000   -0.3923   -1.4168    0.0164    0.2998
 1015.0000   -1.6710   -1.6710   -0.1650   -0.1650
 1016.0000   -1.7303   -1.7303   -0.4818   -0.4818
 1017.0000   -1.5010   -1.5010   -0.5714   -0.5714
 1018.0000   -1.0754   -1.0754   -0.4357   -0.4357
 1019.0000   -0.3187   -0.3187   -0.2250   -0.2250
 1020.0000    0.4199    0.4199    0.0997    0.0997
 1021.0000    0.9352    0.9352    0.2741    0.2741
 1022.0000    1.0513    1.0513    0.2048    0.2048
 1023.0000    1.0437    1.0437    0.0217    0.0217
