    0.0000   -0.1852   -0.1852   -0.5333   -0.5333
    1.0000   -0.6200   -0.6200   -0.5175   -0.5175
    2.0000   -0.7496   -0.7496   -0.5351   -0.5351
    3.0000   -0.7115   -0.7115   -0.5740   -0.5740
    4.0000   -0.5564   -0.5564   -0.2662   -0.2662
    5.0000   -0.5737   -0.5737    0.1860    0.1860
    6.0000   -0.5595   -0.5595    0.5296    0.5296
    7.0000   -0.5762   -0.5762    1.0016    1.0016
    8.0000   -0.3863   -0.3863    1.0998    1.0998
    9.0000   -0.2547   -0.2547    0.8120    0.8120
   10.0000   -0.4169   -0.4169    0.1440    0.1440
   11.0000   -0.7942   -0.7942   -0.2746   -0.2746
   12.0000   -1.3051   -1.3051   -0.5491   -0.5491
   13.0000   -1.5117   -1.5117   -0.5715   -0.5715
   14.0000   -1.2023   -1.2023   -0.2301   -0.2301
   15.0000   -0.7171   -0.7171    0.0290    0.0290
   16.0000   -0.2457   -0.2457   -0.0911   -0.0911
   17.0000    0.2884    0.2884   -0.1084   -0.1084
   18.0000    0.8280    0.8280   -0.0809   -0.0809
   19.0000    1.2721    1.2721    0.0547    0.0547
   20.0000    1.5062    1.5062    0.2953    0.2953
   21.0000    1.6862    1.6862    0.7499    0.7499
   22.0000    1.8778    1.8778    1.1914    1.1914
   23.0000    1.8504    2.0261    1.2137    1.4236
   24.0000    1.9271    2.1025    1.2530    1.4213
   25.0000    2.0501    2.0911    1.1028    1.1962
   26.0000    1.9761    1.9761    0.7599    0.7599
   27.0000    1.7583    1.7583    0.1842    0.1842
   28.0000    1.4570    1.4570   -0.3030   -0.3030
   29.0000    0.9114    0.9114   -0.7703   -0.7703
   30.0000    0.0790    0.0790   -1.3296   -1.3296
   31.0000   -0.6103   -0.6103   -1.7477   -1.7477
   32.0000   -1.2312   -1.2312   -1.9687   -1.9687
   33.0000   -1.5183   -1.5183   -2.0890   -2.0890
   34.0000   -1.5879   -1.5879   -1.8750   -1.8750
   35.0000   -1.3995   -1.4287   -1.8308   -1.8762
   36.0000   -1.1488   -1.1488   -1.9600   -1.9600
   37.0000   -0.9484   -0.8916   -1.8242   -1.8495
   38.0000   -0.7360   -0.7360   -1.6719   -1.6719
   39.0000   -0.7644   -0.7644   -1.5858   -1.5858
   40.0000   -1.0138   -1.0620   -1.4964   -1.5048
   41.0000   -1.4323   -1.4323   -1.4090   -1.4090
   42.0000   -1.6854   -1.6854   -1.3559   -1.3559
   43.0000   -1.8302   -1.8302   -1.3603   -1.3603
   44.0000   -1.5801   -1.5801   -0.9337   -0.9337
   45.0000   -1.1118   -1.1118   -0.4368   -0.4368
   46.0000   -0.6926   -0.6926    0.1030    0.1030
   47.0000   -0.2158   -0.2158    0.2918    0.2918
   48.0000    0.0166    0.0166    0.3164    0.3164
   49.0000   -0.3121   -0.3121    0.1391    0.1391
   50.0000   -1.0327   -1.0327    0.0637    0.0637
   51.0000   -1.6486   -1.6486    0.2037    0.2037
   52.0000   -2.0339   -2.0339    0.7722    0.7722
   53.0000   -2.0948   -2.0948    1.4514    1.4514
   54.0000   -1.6104   -1.6104    1.7989    1.7989
   55.0000   -1.1193   -1.1193    2.0262    2.0262
   56.0000   -0.8530   -0.8530    1.9932    1.9932
   57.0000   -0.6199   -0.6199    1.4587    1.4587
   58.0000   -0.6784   -0.6784    0.8431    0.8431
   59.0000   -0.7843   -0.7843    0.5375    0.5375
   60.0000   -0.9109   -0.9109    0.1965    0.1965
   61.0000   -0.7694   -0.7694   -0.0514   -0.0514
   62.0000   -0.3040   -0.3040   -0.0910   -0.0910
   63.0000    0.2671    0.2671    0.0268    0.0268
   64.0000    0.6343    0.6343    0.0049    0.0049
   65.0000    0.8388    0.8388   -0.1278   -0.1278
   66.0000    0.8847    0.8847   -0.2540   -0.2540
   67.0000    1.0816    1.0816   -0.3621   -0.3621
   68.0000    1.4235    1.4235   -0.0755   -0.0755
   69.0000    1.7063    1.7063    0.3856    0.3856
   70.0000    1.8105    1.8105    0.6662    0.6662
   71.0000    1.7008    1.7008    0.7648    0.7648
   72.0000    1.3422    1.3422    0.6189    0.6189
   73.0000    1.0121    1.0121    0.2894    0.2894
   74.0000    0.8041    0.8041   -0.2140   -0.2140
   75.0000    0.6287    0.6287   -0.4797   -0.4797
   76.0000    0.7364    0.7364   -0.5244   -0.5244
   77.0000    1.0075    1.0075   -0.3590   -0.3590
   78.0000    1.1442    1.1442   -0.3666   -0.3666
   79.0000    0.9584    0.9584   -0.2786   -0.2786
   80.0000    0.4859    0.4859   -0.1538   -0.1538
   81.0000    0.0340    0.0340    0.0631    0.0631
   82.0000   -0.3295   -0.3295    0.1916    0.1916
   83.0000   -0.7538   -0.7538    0.0354    0.0354
   84.0000   -0.8486   -0.8486   -0.0736   -0.0736
   85.0000   -0.7885   -0.8137    0.1043    0.0120
   86.0000   -0.9026   -0.9026    0.2133    0.2133
   87.0000   -1.2023   -1.2023    0.4327    0.4327
   88.0000   -1.3051   -1.3051    0.6373    0.6373
   89.0000   -1.0151   -1.0151    0.8105    0.8105
   90.0000   -0.9082   -0.9082    0.9506    0.9506
   91.0000   -0.7127   -0.7127    0.7091    0.7091
   92.0000   -0.5798   -0.5798    0.1550    0.1550
   93.0000   -0.4401   -0.4401   -0.2414   -0.2414
   94.0000   -0.5934   -0.5934   -0.2436   -0.2436
   95.0000   -0.5501   -0.6062   -0.1795   -0.1590
   96.0000   -0.5133   -0.5133   -0.1545   -0.1545
   97.0000   -0.3860   -0.3860   -0.2620   -0.2620
   98.0000    0.1685    0.1685   -0.4042   -0.4042
   99.0000    0.9977    0.9977   -0.7864   -0.7864
  100.0000    1.4533    1.4533   -1.0089   -1.0089
  101.0000    1.5695    1.5695   -1.2312   -1.2312
  102.0000    1.6520    1.6520   -1.3940   -1.3940
  103.0000    1.4476    1.4476   -1.4264   -1.4264
  104.0000    1.2320    1.2320   -1.4189   -1.4189
  105.0000    1.3066    1.3066   -1.4632   -1.4632
  106.0000    1.3788    1.3788   -1.5133   -1.5133
  107.0000    1.0579    1.0579   -1.2191   -1.2191
  108.0000    0.4835    0.4835   -0.7947   -0.7947
  109.0000    0.2055    0.2055   -0.4580   -0.4580
  110.0000    0.3159    0.3159   -0.0718   -0.0718
  111.0000    0.5304    0.5304    0.2744    0.2744
  112.0000    0.2796    0.3456    0.4950    0.5720
  113.0000   -0.0820   -0.0820    0.7150    0.7150
  114.0000   -0.3984   -0.3984    0.6217    0.6217
  115.0000   -0.3879   -0.3879    0.4318    0.4318
  116.0000   -0.4388   -0.4388    0.2589    0.2589
  117.0000   -0.6975   -0.6975    0.2429    0.2429
  118.0000   -1.0553   -1.0553    0.3389    0.3389
  119.0000   -1.3936   -1.3936    0.4520    0.4520
  120.0000   -1.4462   -1.4462    0.8351    0.8351
  121.0000   -1.4251   -1.4251    1.1384    1.1384
  122.0000   -1.1855   -1.1855    1.2438    1.2438
  123.0000   -0.8262   -0.8262    1.4990    1.4990
  124.0000   -0.5728   -0.5728    1.7882    1.7882
  125.0000   -0.3903   -0.3903    2.2278    2.2278
  126.0000   -0.1352   -0.1352    2.4898    2.4898
  127.0000   -0.1048   -0.1048    2.5528    2.5528
  128.0000   -0.1156   -0.1156    2.3895    2.3895
  129.0000    0.1211    0.1211    2.2439    2.2439
  130.0000    0.3697    0.3697    2.0453    2.0453
  131.0000    0.2660    0.2660    1.8423    1.8423
  132.0000    0.0921    0.0875    1.2308    1.1725
  133.0000    0.0371    0.0371    0.4128    0.4128
  134.0000    0.2126    0.2126    0.0079    0.0079
  135.0000    0.4160    0.4160   -0.3291   -0.3291
  136.0000    0.1339    0.1339   -0.7541   -0.7541
  137.0000   -0.2573   -0.2573   -1.0741   -1.0741
  138.0000   -0.4829   -0.4829   -1.2229   -1.2229
  139.0000   -0.5975   -0.5975   -1.2200   -1.2200
  140.0000   -0.4944   -0.4944   -1.1430   -1.1430
  141.0000   -0.2035   -0.2035   -0.9627   -0.9627
  142.0000    0.3326    0.3326   -0.8655   -0.8655
  143.0000    0.9088    0.9088   -1.0083   -1.0083
  144.0000    1.2706    1.2706   -0.8756   -0.8756
  145.0000    1.1310    1.1310   -0.9382   -0.9382
  146.0000    0.9930    0.9930   -1.0310   -1.0310
  147.0000    0.9299    0.9299   -1.2075   -1.2075
  148.0000    0.8882    0.8882   -1.1641   -1.1641
  149.0000    0.8823    0.8823   -1.0133   -1.0133
  150.0000    0.7346    0.6894   -0.7133   -0.7457
  151.0000    0.5603    0.5603   -0.3777   -0.3777
  152.0000    0.7355    0.7355   -0.0092   -0.0092
  153.0000    0.9064    0.9064    0.1258    0.1258
  154.0000    0.9209    0.9209    0.1176    0.1176
  155.0000    0.8825    0.8825    0.2193    0.2193
  156.0000    1.0076    1.0076    0.6342    0.6342
  157.0000    0.9951    0.9951    0.9284    0.9284
  158.0000    0.7645    0.7645    1.2887    1.2887
  159.0000    0.5556    0.5556    1.5013    1.5013
  160.0000    0.5433    0.5433    1.7409    1.7409
  161.0000    0.5132    0.5132    1.6508    1.6508
  162.0000    0.3349    0.3349    1.3553    1.3553
  163.0000    0.3428    0.3428    1.1387    1.1387
  164.0000    0.3170    0.3170    1.3172    1.3172
  165.0000    0.5283    0.5283    1.6413    1.6413
  166.0000    0.4883    0.4883    1.7470    1.7470
  167.0000    0.4347    0.4347    1.7151    1.7151
  168.0000    0.3968    0.3968    1.1385    1.1385
  169.0000    0.3258    0.3258    0.2927    0.2927
  170.0000    0.4581    0.4581   -0.5019   -0.5019
  171.0000    0.6646    0.6646   -0.8725   -0.8725
  172.0000    0.5789    0.5789   -1.2561   -1.2561
  173.0000    0.3384    0.3384   -1.5341   -1.5341
  174.0000    0.0686    0.0686   -1.7253   -1.7253
  175.0000   -0.1690   -0.1690   -1.7177   -1.7177
  176.0000   -0.4864   -0.4864   -1.5691   -1.5691
  177.0000   -0.8107   -0.8107   -1.1465   -1.1465
  178.0000   -0.8878   -0.8878   -0.7735   -0.7735
  179.0000   -0.9536   -0.9536   -0.6946   -0.6946
  180.0000   -1.2595   -1.2595   -0.8744   -0.8744
  181.0000   -1.5736   -1.5736   -1.0817   -1.0817
  182.0000   -1.5075   -1.5075   -0.9279   -0.9279
  183.0000   -1.1920   -1.1920   -0.5508   -0.5508
  184.0000   -0.8234   -0.8234   -0.0671   -0.0671
  185.0000   -0.4862   -0.4862    0.4417    0.4417
  186.0000   -0.3970   -0.3263    0.8497    0.8855
  187.0000   -0.2470   -0.2470    1.1821    1.1821
  188.0000   -0.1203   -0.1203    1.2478    1.2478
  189.0000   -0.0032    0.0370    1.1185    1.0364
  190.0000    0.2304    0.2304    0.7074    0.7074
  191.0000    0.4597    0.4597    0.4624    0.4624
  192.0000    0.6775    0.6775    0.3647    0.3647
  193.0000    0.9190    0.9190    0.1744    0.1744
  194.0000    1.0961    1.0961    0.0103    0.0103
  195.0000    1.3148    1.3148    0.0841    0.0841
  196.0000    1.9652    1.9652   -0.0850   -0.0850
  197.0000    2.5057    2.5057   -0.2138   -0.2138
  198.0000    2.7426    2.7426   -0.4342   -0.4342
  199.0000    2.4739    2.4739   -0.6269   -0.6269
  200.0000    1.8126    1.8126   -0.7344   -0.7344
  201.0000    1.1938    1.1938   -0.8887   -0.8887
  202.0000    0.4413    0.4413   -1.1616   -1.1616
  203.0000   -0.2224   -0.2224   -1.6939   -1.6939
  204.0000   -0.9267   -0.9267   -2.0542   -2.0542
  205.0000   -1.2859   -1.2859   -2.0183   -2.0183
  206.0000   -1.5693   -1.5693   -1.6185   -1.6185
  207.0000   -1.7994   -1.7994   -1.1041   -1.1041
  208.0000   -1.7099   -1.7099   -0.8260   -0.8260
  209.0000   -1.3314   -1.3314   -0.5516   -0.5516
  210.0000   -1.2473   -1.2473   -0.3749   -0.3749
  211.0000   -1.3021   -1.3021   -0.4230   -0.4230
  212.0000   -1.2907   -1.2907   -0.6480   -0.6480
  213.0000   -1.0636   -1.0636   -0.9756   -0.9756
  214.0000   -0.8931   -0.8931   -1.1445   -1.1445
  215.0000   -0.7813   -0.7813   -1.1187   -1.1187
  216.0000   -0.5123   -0.5123   -0.8504   -0.8504
  217.0000   -0.2083   -0.2083   -0.4834   -0.4834
  218.0000    0.0111    0.0111   -0.0868   -0.0868
  219.0000    0.1665    0.1665   -0.0501   -0.0501
  220.0000    0.5697    0.5697   -0.0603   -0.0603
  221.0000    0.9143    0.9143   -0.1637   -0.1637
  222.0000    1.0586    1.0586   -0.1279   -0.1279
  223.0000    0.9143    0.9143   -0.2177   -0.2177
  224.0000    0.5796    0.5796   -0.4753   -0.4753
  225.0000    0.2840    0.2840   -0.6428   -0.6428
  226.0000    0.0716    0.0716   -0.3358   -0.3358
  227.0000   -0.0044   -0.0044    0.0232    0.0232
  228.0000   -0.1847   -0.1847    0.1085    0.1085
  229.0000   -0.2179   -0.2179    0.0895    0.0895
  230.0000   -0.2041   -0.2041   -0.0164   -0.0164
  231.0000   -0.2966   -0.2966   -0.3374   -0.3374
  232.0000   -0.3856   -0.3856   -0.7257   -0.7257
  233.0000   -0.3799   -0.3799   -1.0425   -1.0425
  234.0000   -0.2902   -0.2902   -1.2287   -1.2287
  235.0000   -0.1821   -0.1821   -0.8800   -0.8800
  236.0000    0.2048    0.2048   -0.4406   -0.4406
  237.0000    0.2577    0.2577   -0.0185   -0.0185
  238.0000   -0.0297   -0.0297    0.2579    0.2579
  239.0000   -0.1382   -0.1382    0.1927    0.1927
  240.0000   -0.3791   -0.3791    0.2492    0.2492
  241.0000   -0.5136   -0.5136    0.2414    0.2414
  242.0000   -0.7206   -0.7206    0.5976    0.5976
  243.0000   -0.8053   -0.8053    0.9039    0.9039
  244.0000   -0.8180   -0.8180    1.2893    1.2893
  245.0000   -0.9661   -0.9661    1.7768    1.7768
  246.0000   -1.0050   -1.0050    2.3899    2.3899
  247.0000   -0.8751   -0.8751    2.8184    2.8184
  248.0000   -0.9910   -0.9910    3.0494    3.0494
  249.0000   -0.9646   -0.9646    2.9780    2.9780
  250.0000   -0.7840   -0.7840    2.8734    2.8734
  251.0000   -0.8267   -0.8267    2.3561    2.3561
  252.0000   -0.9986   -0.9986    1.5531    1.5531
  253.0000   -1.0967   -1.0967    0.9660    0.9660
  254.0000   -0.9281   -0.9281    0.7242    0.7242
  255.0000   -0.3579   -0.3579    0.3012    0.3012
  256.0000    0.1711    0.1711    0.1440    0.1440
  257.0000    0.4928    0.4928    0.0047    0.0047
  258.0000    0.6260    0.6260    0.0190    0.0190
  259.0000    0.6267    0.6574    0.1122    0.0841
  260.0000    0.5278    0.5278   -0.0324   -0.0324
  261.0000    0.2334    0.2334   -0.4293   -0.4293
  262.0000    0.0266    0.0266   -0.7286   -0.7286
  263.0000   -0.2311   -0.2311   -0.8516   -0.8516
  264.0000   -0.6298   -0.6298   -1.1360   -1.1360
  265.0000   -1.1570   -1.1570   -1.3726   -1.3726
  266.0000   -1.4261   -1.4261   -1.4181   -1.4181
  267.0000   -1.4977   -1.4977   -1.0990   -1.0990
  268.0000   -1.3842   -1.3842   -0.7848   -0.7848
  269.0000   -1.4361   -1.4361   -0.5211   -0.5211
  270.0000   -1.6154   -1.6154   -0.4262   -0.4262
  271.0000   -1.7897   -1.7897   -0.5069   -0.5069
  272.0000   -1.5124   -1.5124   -0.7186   -0.7186
  273.0000   -1.0467   -1.0467   -0.7944   -0.7944
  274.0000   -0.6766   -0.6766   -0.9378   -0.9378
  275.0000   -0.1465   -0.1465   -1.0765   -1.0765
  276.0000    0.2802    0.2802   -1.1344   -1.1344
  277.0000    0.7066    0.6952   -1.2359   -1.1800
  278.0000    0.9374    0.9374   -1.1802   -1.1802
  279.0000    0.9635    0.9635   -1.1436   -1.1436
  280.0000    1.2864    1.2864   -1.2364   -1.2364
  281.0000    1.5203    1.4618   -1.3054   -1.1702
  282.0000    1.3646    1.4047   -0.9234   -0.8227
  283.0000    1.2044    1.2044   -0.1514   -0.1514
  284.0000    0.8717    0.8717    0.6954    0.6954
  285.0000    0.3074    0.3074    1.0256    1.0256
  286.0000   -0.0027   -0.0027    0.9363    0.9363
  287.0000    0.0483    0.0483    0.9312    0.9312
  288.0000    0.4145    0.4145    0.8136    0.8136
  289.0000    0.7262    0.7073    0.5507    0.4426
  290.0000    0.8154    0.8154   -0.0417   -0.0417
  291.0000    0.7081    0.7081   -0.3358   -0.3358
  292.0000    0.3157    0.3157   -0.0296   -0.0296
  293.0000   -0.2065   -0.2065    0.3410    0.3410
  294.0000   -0.4126   -0.4126    0.6880    0.6880
  295.0000   -0.4805   -0.4805    0.8154    0.8154
  296.0000   -0.4750   -0.4750    1.0864    1.0864
  297.0000   -0.2598   -0.2598    1.0973    1.0973
  298.0000    0.0951    0.0951    1.1015    1.1015
  299.0000    0.1275    0.1275    0.9055    0.9055
  300.0000   -0.2243   -0.2243    0.7464    0.7464
  301.0000   -0.2821   -0.2821    0.6819    0.6819
  302.0000    0.0607    0.0607    0.5542    0.5542
  303.0000    0.3649    0.3649    0.2592    0.2592
  304.0000    0.7819    0.7819   -0.2157   -0.2157
  305.0000    0.8702    0.8702   -0.4802   -0.4802
  306.0000    0.6364    0.6364   -0.7789   -0.7789
  307.0000    0.3954    0.3954   -0.7715   -0.7715
  308.0000    0.2595    0.2595   -0.3684   -0.3684
  309.0000    0.1856    0.1856    0.2113    0.2113
  310.0000   -0.0450   -0.0450    0.5847    0.5847
  311.0000   -0.4375   -0.4375    0.7129    0.7129
  312.0000   -0.6283   -0.6283    0.9916    0.9916
  313.0000   -0.9757   -0.9757    1.2429    1.2429
  314.0000   -0.9121   -0.9121    1.3998    1.3998
  315.0000   -0.8419   -0.8419    1.3632    1.3632
  316.0000   -0.8336   -0.8031    1.2969    1.2735
  317.0000   -0.6219   -0.6219    1.2050    1.2050
  318.0000   -0.3005   -0.3005    1.2054    1.2054
  319.0000   -0.2513   -0.2513    1.3601    1.3601
  320.0000   -0.0031   -0.0031    1.6508    1.6508
  321.0000    0.3833    0.3833    1.7848    1.7848
  322.0000    0.7391    0.7391    1.8187    1.8187
  323.0000    1.1452    1.1452    1.7218    1.7218
  324.0000    1.5034    1.5034    1.6084    1.6084
  325.0000    1.1882    1.1882    1.2378    1.2378
  326.0000    0.5617    0.5617    0.7449    0.7449
  327.0000    0.1552    0.1552    0.2904    0.2904
  328.0000   -0.1333   -0.1333    0.0203    0.0203
  329.0000   -0.5088   -0.5088    0.1191    0.1191
  330.0000   -0.5095   -0.5095    0.2371    0.2371
  331.0000   -0.5851   -0.5851    0.1695    0.1695
  332.0000   -0.5018   -0.5018    0.0552    0.0552
  333.0000   -0.2367   -0.2367    0.1901    0.1901
  334.0000   -0.2766   -0.2839    0.4159    0.3640
  335.0000   -0.5021   -0.5021    0.3769    0.3769
  336.0000   -0.5893   -0.5893    0.1669    0.1669
  337.0000   -0.4610   -0.4378    0.1230   -0.0239
  338.0000   -0.1503   -0.1503   -0.2020   -0.2020
  339.0000    0.1206    0.1206   -0.3753   -0.3753
  340.0000    0.3541    0.2437   -0.1985   -0.3104
  341.0000    0.3314    0.2746   -0.0155   -0.0879
  342.0000    0.3176    0.3176    0.1114    0.1114
  343.0000    0.3718    0.3718    0.1840    0.1840
  344.0000    0.1700    0.1700    0.1612    0.1612
  345.0000    0.0043    0.0043   -0.2416   -0.2416
  346.0000    0.2679    0.2679   -0.5078   -0.5078
  347.0000    0.5718    0.5718   -0.6802   -0.6802
  348.0000    0.7435    0.7773   -0.9949   -0.9529
  349.0000    0.7102    0.7102   -1.1882   -1.1882
  350.0000    0.3820    0.3820   -1.2986   -1.2986
  351.0000    0.3783    0.3783   -1.4991   -1.4991
  352.0000    0.3127    0.3127   -1.4055   -1.4055
  353.0000    0.0847    0.0847   -1.1539   -1.1539
  354.0000   -0.2296   -0.2296   -0.8221   -0.8221
  355.0000   -0.6741   -0.6741   -0.5124   -0.5124
  356.0000   -0.8976   -0.8976   -0.6891   -0.6891
  357.0000   -1.1390   -1.1390   -0.8046   -0.8046
  358.0000   -1.1022   -1.1022   -0.5573   -0.5573
  359.0000   -0.9028   -0.9028   -0.4722   -0.4722
  360.0000   -0.4635   -0.4635   -0.6387   -0.6387
  361.0000   -0.0752   -0.0752   -1.0266   -1.0266
  362.0000    0.2883    0.2883   -1.5594   -1.5594
  363.0000    0.4434    0.4434   -1.7659   -1.7659
  364.0000    0.3314    0.3314   -1.4717   -1.4717
  365.0000   -0.0056   -0.0056   -1.0840   -1.0840
  366.0000   -0.1151   -0.1151   -0.8198   -0.8198
  367.0000    0.0560    0.0560   -0.4720   -0.4720
  368.0000    0.6444    0.6444   -0.1504   -0.1504
  369.0000    1.4895    1.4895    0.1645    0.1645
  370.0000    2.2067    2.2067    0.3824    0.3824
  371.0000    2.4774    2.4774    0.4093    0.4093
  372.0000    2.3051    2.3051    0.4672    0.4672
  373.0000    1.8393    1.8393    0.3606    0.3606
  374.0000    1.4328    1.4328    0.1054    0.1054
  375.0000    0.9908    0.9908   -0.2616   -0.2616
  376.0000    0.4365    0.4365   -0.8024   -0.8024
  377.0000    0.0732    0.0732   -1.4183   -1.4183
  378.0000   -0.0781   -0.0781   -2.0983   -2.0983
  379.0000   -0.0111   -0.0111   -2.7399   -2.7399
  380.0000   -0.0751   -0.0751   -3.1002   -3.1002
  381.0000   -0.3593   -0.3593   -3.2623   -3.2623
  382.0000   -0.7862   -0.7527   -2.9347   -3.0040
  383.0000   -1.0013   -1.0013   -2.5491   -2.5491
  384.0000   -0.9733   -0.9733   -2.1909   -2.1909
  385.0000   -1.0614   -0.9980   -1.9263   -1.9095
  386.0000   -0.9570   -0.9570   -1.6136   -1.6136
  387.0000   -0.7033   -0.7033   -1.2074   -1.2074
  388.0000   -0.5135   -0.5135   -0.6055   -0.6055
  389.0000   -0.4756   -0.4756    0.0947    0.0947
  390.0000   -0.3390   -0.3390    0.7004    0.7004
  391.0000    0.0839    0.0839    1.3536    1.3536
  392.0000    0.3472    0.3906    1.7248    1.7127
  393.0000    0.5444    0.5754    1.7575    1.7675
  394.0000    0.7792    0.7792    1.6380    1.6380
  395.0000    1.1784    1.1784    1.4690    1.4690
  396.0000    1.8765    1.8765    1.3918    1.3918
  397.0000    2.3038    2.3038    1.2557    1.2557
  398.0000    2.3230    2.3230    1.2550    1.2550
  399.0000    2.0426    2.0426    1.2995    1.2995
  400.0000    1.6522    1.6522    1.4177    1.4177
  401.0000    1.1287    1.1287    1.5480    1.5480
  402.0000    0.8238    0.8238    1.3451    1.3451
  403.0000    0.9976    0.9976    1.1969    1.1969
  404.0000    0.9525    0.9525    1.0260    1.0260
  405.0000    1.0229    1.0229    0.8788    0.8788
  406.0000    1.1578    1.1578    0.6192    0.6192
  407.0000    1.3379    1.3379    0.4119    0.4119
  408.0000    1.4539    1.4539   -0.0542   -0.0542
  409.0000    1.5102    1.5102   -0.2602   -0.2602
  410.0000    1.1543    1.1543   -0.4804   -0.4804
  411.0000    0.8481    0.8481   -0.8856   -0.8856
  412.0000    0.6378    0.6591   -1.2234   -1.2572
  413.0000    0.5615    0.5615   -1.4981   -1.4981
  414.0000    0.5016    0.5016   -1.5839   -1.5839
  415.0000    0.2640    0.2640   -1.5076   -1.5076
  416.0000   -0.1795   -0.1795   -1.1740   -1.1740
  417.0000   -0.4548   -0.4548   -0.8157   -0.8157
  418.0000   -0.3485   -0.3485   -0.2805   -0.2805
  419.0000   -0.3379   -0.3379    0.1110    0.1110
  420.0000   -0.6862   -0.6862    0.3585    0.3585
  421.0000   -0.8262   -0.8262    0.4716    0.4716
  422.0000   -0.7891   -0.7891    0.3630    0.3630
  423.0000   -0.7648   -0.7648    0.2034    0.2034
  424.0000   -1.0216   -1.0216   -0.0716   -0.0716
  425.0000   -1.2295   -1.2295   -0.3859   -0.3859
  426.0000   -1.1804   -1.1804   -0.6746   -0.6746
  427.0000   -1.0831   -1.0141   -1.0799   -1.0136
  428.0000   -0.7830   -0.7830   -1.2473   -1.2473
  429.0000   -0.5819   -0.5819   -1.1857   -1.1857
  430.0000   -0.7069   -0.7069   -0.8183   -0.8183
  431.0000   -0.9259   -0.9259   -0.3619   -0.3619
  432.0000   -0.7389   -0.7389   -0.0853   -0.0853
  433.0000   -0.1351   -0.1351    0.3393    0.3393
  434.0000    0.3655    0.3655    0.9639    0.9639
  435.0000    0.3975    0.3975    1.4837    1.4837
  436.0000    0.0876    0.0876    1.6919    1.6919
  437.0000   -0.2180   -0.2180    1.7251    1.7251
  438.0000   -0.4093   -0.4093    1.6919    1.6919
  439.0000   -0.3428   -0.3428    1.3364    1.3364
  440.0000   -0.2996   -0.2996    0.8665    0.8665
  441.0000   -0.4273   -0.4273    0.5401    0.5401
  442.0000   -0.7399   -0.7399    0.5703    0.5703
  443.0000   -1.0496   -1.0496    0.7459    0.7459
  444.0000   -1.4704   -1.4704    0.8513    0.8513
  445.0000   -1.6838   -1.6838    0.9330    0.9330
  446.0000   -1.1435   -1.1435    0.9797    0.9797
  447.0000   -0.5217   -0.5217    0.9651    0.9651
  448.0000   -0.1942   -0.1942    0.8933    0.8933
  449.0000    0.0159    0.0159    0.8720    0.8720
  450.0000    0.0681    0.0681    1.0969    1.0969
  451.0000   -0.0416   -0.0416    1.4765    1.4765
  452.0000   -0.0826   -0.0826    1.7435    1.7435
  453.0000   -0.2162   -0.2162    1.8804    1.8804
  454.0000   -0.5457   -0.5457    1.9177    1.9177
  455.0000   -0.7987   -0.7987    1.6840    1.6840
  456.0000   -1.0236   -1.0236    1.2236    1.2236
  457.0000   -1.0542   -1.0542    0.7456    0.7456
  458.0000   -0.7662   -0.7662    0.3193    0.3193
  459.0000   -0.4816   -0.4816    0.2492    0.2492
  460.0000   -0.2385   -0.2385    0.5550    0.5550
  461.0000   -0.1644   -0.1644    1.0337    1.0337
  462.0000    0.1107    0.1107    1.4671    1.4671
  463.0000    0.3838    0.3838    1.6825    1.6825
  464.0000    0.5169    0.5169    1.4357    1.4357
  465.0000    0.4660    0.4660    1.1604    1.1604
  466.0000    0.6270    0.6270    1.1955    1.1955
  467.0000    0.8194    0.8194    1.3064    1.3064
  468.0000    0.6726    0.6726    1.1784    1.1784
  469.0000    0.6064    0.6064    1.0802    1.0802
  470.0000    0.8469    0.8469    0.9593    0.9593
  471.0000    0.9489    0.9489    0.6801    0.6801
  472.0000    1.0284    1.0284    0.3890    0.3890
  473.0000    0.8608    0.8608    0.1441    0.1441
  474.0000    0.2684    0.2684    0.0871    0.0871
  475.0000   -0.5624   -0.5624    0.1197    0.1197
  476.0000   -1.1877   -1.1877    0.0150    0.0150
  477.0000   -1.1004   -1.1004   -0.3073   -0.3073
  478.0000   -0.7884   -0.7884   -0.6843   -0.6843
  479.0000   -0.5850   -0.5850   -0.9127   -0.9127
  480.0000   -0.5547   -0.5547   -1.3153   -1.3153
  481.0000   -0.7251   -0.7251   -1.6295   -1.6295
  482.0000   -0.8837   -0.8837   -1.4593   -1.4593
  483.0000   -0.9356   -0.9356   -1.2871   -1.2871
  484.0000   -0.9814   -0.9814   -1.2513   -1.2513
  485.0000   -0.9901   -0.9901   -1.3603   -1.3603
  486.0000   -0.8630   -0.8630   -1.3537   -1.3537
  487.0000   -0.5286   -0.5286   -1.1121   -1.1121
  488.0000   -0.3155   -0.3155   -0.9160   -0.9160
  489.0000   -0.1565   -0.1565   -0.5878   -0.5878
  490.0000    0.1418    0.1418   -0.0493   -0.0493
  491.0000    0.2607    0.2945    0.3448    0.3708
  492.0000    0.2499    0.2499    0.6368    0.6368
  493.0000    0.1294    0.1294    0.7913    0.7913
  494.0000    0.2838    0.2838    0.7246    0.7246
  495.0000    0.7043    0.7043    0.2560    0.2560
  496.0000    1.0121    0.9377   -0.4860   -0.2625
  497.0000    1.1320    1.0400   -0.9412   -0.6915
  498.0000    1.2276    1.2276   -0.9872   -0.9872
  499.0000    1.5893    1.5893   -1.1946   -1.1946
  500.0000    1.7414    1.7414   -1.5994   -1.5994
  501.0000    1.5129    1.5129   -2.0850   -2.0850
  502.0000    1.2613    1.2613   -2.3037   -2.3037
  503.0000    0.7998    0.7998   -2.1588   -2.1588
  504.0000    0.5657    0.5657   -1.8549   -1.8549
  505.0000    0.3861    0.3861   -1.5202   -1.5202
  506.0000    0.2120    0.2120   -1.2888   -1.2888
  507.0000   -0.0381   -0.0381   -1.0893   -1.0893
  508.0000   -0.3668   -0.3668   -1.1123   -1.1123
  509.0000   -0.6829   -0.6829   -1.1935   -1.1935
  510.0000   -0.9099   -0.9099   -1.3516   -1.3516
  511.0000   -1.1649   -1.1649   -1.3452   -1.3452
  512.0000   -1.3877   -1.3877   -1.3398   -1.3398
  513.0000   -1.5620   -1.5620   -1.3882   -1.3882
  514.0000   -1.4506   -1.4506   -1.2966   -1.2966
  515.0000   -1.2835   -1.2835   -1.2399   -1.2399
  516.0000   -1.1225   -1.1225   -1.0964   -1.0964
  517.0000   -0.8460   -0.8460   -0.8041   -0.8041
  518.0000   -0.7053   -0.7053   -0.3504   -0.3504
  519.0000   -0.7639   -0.7639    0.0943    0.0943
  520.0000   -0.9091   -0.9091    0.6119    0.6119
  521.0000   -0.6292   -0.6292    1.0170    1.0170
  522.0000   -0.3405   -0.3405    1.0912    1.0912
  523.0000   -0.2833   -0.2833    1.1580    1.1580
  524.0000   -0.3339   -0.3339    1.0414    1.0414
  525.0000   -0.1479   -0.1479    0.9135    0.9135
  526.0000   -0.2673   -0.2673    0.9768    0.9768
  527.0000   -0.5251   -0.5251    0.7235    0.7235
  528.0000   -0.7030   -0.7030    0.5817    0.5817
  529.0000   -0.7752   -0.7752    0.5753    0.5753
  530.0000   -0.5951   -0.5951    0.8479    0.8479
  531.0000   -0.3026   -0.3026    1.1704    1.1704
  532.0000   -0.1095   -0.1095    1.5624    1.5624
  533.0000   -0.0207   -0.0207    1.5942    1.5942
  534.0000    0.0078    0.0078    1.1433    1.1433
  535.0000    0.1596    0.1596    0.5700    0.5700
  536.0000   -0.0301   -0.0301    0.3096    0.3096
  537.0000   -0.5056   -0.5056    0.2707    0.2707
  538.0000   -0.9496   -0.9496    0.3361    0.3361
  539.0000   -1.2285   -1.2285    0.2965    0.2965
  540.0000   -1.0866   -1.0866    0.2965    0.2965
  541.0000   -0.7870   -0.7870    0.2758    0.2758
  542.0000   -0.8917   -0.8917   -0.0467   -0.0467
  543.0000   -1.3642   -1.3642   -0.2401   -0.2401
  544.0000   -2.0185   -2.0185   -0.2377   -0.2377
  545.0000   -2.3851   -2.3851   -0.2215   -0.2215
  546.0000   -2.4553   -2.4553   -0.1916   -0.1916
  547.0000   -2.3692   -2.3692    0.0263    0.0263
  548.0000   -1.9184   -1.9184    0.2526    0.2526
  549.0000   -1.4123   -1.4123    0.3733    0.3733
  550.0000   -0.8517   -0.8517    0.2738    0.2738
  551.0000   -0.1622   -0.1622   -0.1980   -0.1980
  552.0000    0.5034    0.5034   -0.5776   -0.5776
  553.0000    0.5313    0.5313   -0.4809   -0.4809
  554.0000    0.1765    0.1765   -0.2404   -0.2404
  555.0000    0.0604    0.0604    0.0527    0.0527
  556.0000    0.1393    0.1393    0.4051    0.4051
  557.0000    0.5518    0.5518    0.6705    0.6705
  558.0000    1.0767    1.0767    0.6519    0.6519
  559.0000    1.1239    1.1239    0.4733    0.4733
  560.0000    0.8512    0.8512    0.2369    0.2369
  561.0000    0.6863    0.6863   -0.0553   -0.0553
  562.0000    0.7738    0.7738   -0.2048   -0.2048
  563.0000    1.1306    1.1306   -0.2140   -0.2140
  564.0000    1.3293    1.3293   -0.3148   -0.3148
  565.0000    1.6256    1.6256   -0.5552   -0.5552
  566.0000    2.0733    2.0733   -0.7264   -0.7264
  567.0000    2.3924    2.3924   -0.5968   -0.5968
  568.0000    2.2426    2.2426   -0.4188   -0.4188
  569.0000    1.9573    1.9573   -0.3969   -0.3969
  570.0000    1.7136    1.7136   -0.5323   -0.5323
  571.0000    1.3584    1.3584   -0.3231   -0.3231
  572.0000    1.1468    1.1468   -0.0145   -0.0145
  573.0000    0.8891    0.8891    0.2660    0.2660
  574.0000    0.5751    0.5751    0.2347    0.2347
  575.0000    0.3471    0.3471    0.2831    0.2831
  576.0000    0.4312    0.4312    0.2153    0.2153
  577.0000    0.4200    0.4200   -0.0968   -0.0968
  578.0000    0.7283    0.4683   -0.4231   -0.3309
  579.0000    0.8443    0.5720   -0.5179   -0.4518
  580.0000    0.6316    0.6316   -0.5283   -0.5283
  581.0000    0.6378    0.6378   -0.6906   -0.6906
  582.0000    0.8430    0.8430   -1.1642   -1.1642
  583.0000    1.1612    1.1612   -1.6418   -1.6418
  584.0000    1.3840    1.3840   -1.7888   -1.7888
  585.0000    1.6254    1.6254   -1.6235   -1.6235
  586.0000    1.8598    1.8598   -1.2661   -1.2661
  587.0000    1.7971    1.7971   -1.1383   -1.1383
  588.0000    1.5422    1.5422   -1.0707   -1.0707
  589.0000    1.0583    1.0583   -1.0107   -1.0107
  590.0000    0.5560    0.5560   -0.9383   -0.9383
  591.0000    0.3556    0.3556   -0.6784   -0.6784
  592.0000    0.4114    0.4114   -0.4990   -0.4990
  593.0000    0.5971    0.5971   -0.5625   -0.5625
  594.0000    0.8369    0.8369   -0.4476   -0.4476
  595.0000    0.8362    0.8362   -0.3929   -0.3929
  596.0000    0.7463    0.7463   -0.3250   -0.3250
  597.0000    0.4075    0.4075   -0.2650   -0.2650
  598.0000   -0.3525   -0.3525    0.0497    0.0497
  599.0000   -0.9257   -0.9257    0.2808    0.2808
  600.0000   -1.2197   -1.2197    0.6907    0.6907
  601.0000   -1.1805   -1.1805    0.9749    0.9749
  602.0000   -1.0646   -1.0646    1.0600    1.0600
  603.0000   -1.0468   -1.1044    0.8150    0.9631
  604.0000   -1.2387   -1.2611    0.4659    0.7592
  605.0000   -1.2998   -1.4318    0.2996    0.5408
  606.0000   -1.4641   -1.5135    0.3248    0.4005
  607.0000   -1.4035   -1.4035    0.4307    0.4307
  608.0000   -1.0091   -1.0091    0.6884    0.6884
  609.0000   -0.3416   -0.3416    1.0083    1.0083
  610.0000    0.3094    0.3094    1.0566    1.0566
  611.0000    0.5534    0.5910    1.0913    1.0468
  612.0000    0.3702    0.3702    0.9449    0.9449
  613.0000   -0.2750   -0.2750    0.6224    0.6224
  614.0000   -0.8681   -0.8681    0.0818    0.0818
  615.0000   -1.5046   -1.5046   -0.3998   -0.3998
  616.0000   -2.0518   -2.0518   -0.6846   -0.6846
  617.0000   -2.4208   -2.4208   -0.6568   -0.6568
  618.0000   -2.4949   -2.4949   -0.3057   -0.3057
  619.0000   -2.1886   -2.1886    0.0356    0.0356
  620.0000   -1.7430   -1.7430    0.2827    0.2827
  621.0000   -1.1772   -1.1772    0.6492    0.6492
  622.0000   -0.7095   -0.6789    0.6954    0.6388
  623.0000   -0.2095   -0.2095    0.4085    0.4085
  624.0000    0.3330    0.3330    0.3371    0.3371
  625.0000    0.9173    0.9173    0.6133    0.6133
  626.0000    1.2401    1.2401    0.8482    0.8482
  627.0000    1.0623    1.0623    0.8466    0.8466
  628.0000    0.3137    0.3137    0.7961    0.7961
  629.0000   -0.3365   -0.3365    0.5998    0.5998
  630.0000   -0.5935   -0.5935    0.4588    0.4588
  631.0000   -0.5977   -0.5977    0.1751    0.1751
  632.0000   -0.3763   -0.3763   -0.3654   -0.3654
  633.0000   -0.1683   -0.1683   -0.6950   -0.6950
  634.0000    0.0168    0.0405   -0.9254   -0.8729
  635.0000    0.3069    0.3069   -0.8977   -0.8977
  636.0000    0.5994    0.5994   -0.7201   -0.7201
  637.0000    0.6220    0.6220   -0.4110   -0.4110
  638.0000    0.3258    0.3258   -0.1893   -0.1893
  639.0000    0.1277    0.1277   -0.0288   -0.0288
  640.0000   -0.1418   -0.1418   -0.0127   -0.0127
  641.0000   -0.3546   -0.3546   -0.1171   -0.1171
  642.0000   -0.6656   -0.6656   -0.2130   -0.2130
  643.0000   -1.1159   -1.1159   -0.0424   -0.0424
  644.0000   -1.1850   -1.1850    0.3932    0.3932
  645.0000   -0.8495   -0.8495    1.0929    1.0929
  646.0000   -0.6665   -0.6665    1.9134    1.9134
  647.0000   -0.7614   -0.7614    2.5430    2.5430
  648.0000   -0.5997   -0.5997    2.7429    2.7429
  649.0000   -0.3104   -0.3104    2.5640    2.5640
  650.0000   -0.3288   -0.3288    2.0628    2.0628
  651.0000   -0.2840   -0.2840    1.3737    1.3737
  652.0000    0.0315    0.0315    0.6715    0.6715
  653.0000    0.3547    0.3547    0.4547    0.4547
  654.0000    0.8211    0.8211    0.4844    0.4844
  655.0000    1.1066    1.1066    0.4440    0.4440
  656.0000    1.3195    1.3195    0.1029    0.1029
  657.0000    1.5350    1.5350   -0.2497   -0.2497
  658.0000    1.9350    1.9350   -0.4274   -0.4274
  659.0000    2.0869    2.0869   -0.5704   -0.5704
  660.0000    2.0078    2.0078   -0.6889   -0.6889
  661.0000    1.8760    1.8760   -0.8589   -0.8589
  662.0000    1.6461    1.6461   -0.9310   -0.9310
  663.0000    1.1234    1.1234   -0.9186   -0.9186
  664.0000    0.5464    0.5464   -0.8758   -0.8758
  665.0000    0.0335    0.0335   -0.7683   -0.7683
  666.0000   -0.0504   -0.0504   -0.5359   -0.5359
  667.0000    0.0621    0.0621   -0.2943   -0.2943
  668.0000    0.2618    0.2618   -0.2477   -0.2477
  669.0000    0.1886    0.1886   -0.3043   -0.3043
  670.0000   -0.1941   -0.1941   -0.2333   -0.2333
  671.0000   -0.7825   -0.7825   -0.3276   -0.3276
  672.0000   -1.3515   -1.3515   -0.3961   -0.3961
  673.0000   -1.5503   -1.5503   -0.5317   -0.5317
  674.0000   -1.5032   -1.5032   -0.6552   -0.6552
  675.0000   -1.1812   -1.1812   -0.7750   -0.7750
  676.0000   -0.7690   -0.7690   -1.2105   -1.2105
  677.0000   -0.0547   -0.1280   -1.6176   -1.6058
  678.0000    0.3856    0.3856   -1.6167   -1.6167
  679.0000    0.4197    0.4197   -1.1175   -1.1175
  680.0000    0.2541    0.2541   -0.5304   -0.5304
  681.0000    0.2004    0.2004   -0.0637   -0.0637
  682.0000    0.3562    0.4137    0.1388    0.1412
  683.0000    0.7579    0.7579    0.0735    0.0735
  684.0000    1.0237    1.0237   -0.1431   -0.1431
  685.0000    1.1356    1.1356   -0.2458   -0.2458
  686.0000    1.3334    1.3334   -0.6542   -0.6542
  687.0000    1.1772    1.1772   -1.1399   -1.1399
  688.0000    0.8997    0.8997   -1.4389   -1.4389
  689.0000    0.5456    0.5456   -1.6445   -1.6445
  690.0000    0.1207    0.1207   -1.4768   -1.4768
  691.0000   -0.0522   -0.0522   -0.9798   -0.9798
  692.0000   -0.0849   -0.0849   -0.6155   -0.6155
  693.0000    0.2719    0.2719   -0.5392   -0.5392
  694.0000    0.5907    0.5907   -0.7546   -0.7546
  695.0000    0.4982    0.4982   -0.9933   -0.9933
  696.0000    0.0336    0.0336   -1.3214   -1.3214
  697.0000   -0.7398   -0.7398   -1.3890   -1.3890
  698.0000   -1.1050   -1.1050   -1.3745   -1.3745
  699.0000   -1.0518   -1.0518   -1.2765   -1.2765
  700.0000   -0.7617   -0.7617   -1.0160   -1.0160
  701.0000   -0.4698   -0.4698   -0.7879   -0.7879
  702.0000   -0.2763   -0.2763   -0.7899   -0.7899
  703.0000   -0.4435   -0.4435   -0.6845   -0.6845
  704.0000   -0.6553   -0.6553   -0.5825   -0.5825
  705.0000   -0.9199   -0.9199   -0.2691   -0.2691
  706.0000   -1.2005   -1.2005    0.1827    0.1827
  707.0000   -1.2617   -1.2617    0.6770    0.6770
  708.0000   -1.2177   -1.2177    1.0456    1.0456
  709.0000   -0.9226   -0.9226    1.0326    1.0326
  710.0000   -0.5217   -0.5217    0.9435    0.9435
  711.0000    0.1277    0.1277    0.7472    0.7472
  712.0000    0.6213    0.6213    0.3638    0.3638
  713.0000    0.8964    0.8964   -0.0935   -0.0935
  714.0000    0.8598    0.8598   -0.3640   -0.3640
  715.0000    0.6751    0.6751   -0.5044   -0.5044
  716.0000    0.5824    0.5824   -0.0932   -0.0932
  717.0000    0.3225    0.3225    0.4069    0.4069
  718.0000   -0.0302   -0.0302    0.9698    0.9698
  719.0000   -0.1319   -0.1319    1.4818    1.4818
  720.0000    0.0311    0.0311    2.0537    2.0537
  721.0000    0.0881    0.0881    2.5932    2.5932
  722.0000    0.0288    0.0288    2.9265    2.9265
  723.0000    0.0824    0.0824    2.7759    2.7759
  724.0000   -0.0530   -0.0530    2.5429    2.5429
  725.0000    0.0750    0.0750    2.1133    2.1133
  726.0000    0.0316    0.0316    1.5112    1.5112
  727.0000   -0.0393   -0.0393    1.0835    1.0835
  728.0000   -0.0680   -0.0680    0.9996    0.9996
  729.0000    0.1114    0.1114    1.2877    1.2877
  730.0000    0.2323    0.2323    1.7031    1.7031
  731.0000    0.3394    0.3394    2.0143    2.0143
  732.0000    0.4794    0.4794    1.7551    1.7551
  733.0000    0.6047    0.6047    1.2685    1.2685
  734.0000    0.5462    0.5816    0.7088    0.8567
  735.0000    0.4914    0.4312    0.6569    0.5674
  736.0000    0.2056    0.2216    0.4744    0.4001
  737.0000    0.0206    0.0206    0.3542    0.3542
  738.0000   -0.0264   -0.0264    0.3537    0.3537
  739.0000    0.2759    0.2759    0.2383    0.2383
  740.0000    0.3543    0.3543    0.3662    0.3662
  741.0000    0.1494    0.1494    0.4018    0.4018
  742.0000   -0.2591   -0.2591    0.4596    0.4596
  743.0000   -0.7719   -0.7719    0.5152    0.5152
  744.0000   -1.3953   -1.3953    0.3300    0.3300
  745.0000   -1.7723   -1.7723    0.2952    0.2952
  746.0000   -2.0346   -2.0346    0.2550    0.2550
  747.0000   -2.1376   -2.1376    0.2940    0.2940
  748.0000   -1.9597   -1.9597    0.4964    0.4964
  749.0000   -1.6446   -1.6446    0.5507    0.5507
  750.0000   -1.2653   -1.2653    0.2427    0.2427
  751.0000   -1.0340   -1.0340   -0.4239   -0.4239
  752.0000   -0.6520   -0.6520   -1.1274   -1.1274
  753.0000    0.0252    0.0252   -1.3272   -1.3272
  754.0000    0.8036    0.8036   -1.3848   -1.3848
  755.0000    1.1931    1.1931   -1.1439   -1.1439
  756.0000    1.3829    1.3829   -0.7561   -0.7561
  757.0000    1.5372    1.5372   -0.5936   -0.5936
  758.0000    1.4606    1.4606   -0.6035   -0.6035
  759.0000    1.2190    1.2190   -0.6014   -0.6014
  760.0000    0.9708    0.9708   -0.4094   -0.4094
  761.0000    0.6925    0.6925   -0.3019   -0.3019
  762.0000    0.4453    0.4728   -0.4695   -0.4036
  763.0000    0.3044    0.3548   -0.5442   -0.5861
  764.0000    0.3575    0.3575   -0.6724   -0.6724
  765.0000    0.4601    0.4601   -0.5480   -0.5480
  766.0000    0.4389    0.4389   -0.3239   -0.3239
  767.0000    0.0970    0.0970   -0.0529   -0.0529
  768.0000   -0.0830   -0.0830    0.2669    0.2669
  769.0000   -0.2037   -0.2037    0.5057    0.5057
  770.0000   -0.1774   -0.1774    0.8126    0.8126
  771.0000   -0.0160   -0.0160    0.8472    0.8472
  772.0000    0.0982    0.0982    0.7893    0.7893
  773.0000    0.3172    0.3172    0.4772    0.4772
  774.0000    0.5598    0.5598    0.1810    0.1810
  775.0000    0.5128    0.5128   -0.1149   -0.1149
  776.0000    0.2577    0.2577   -0.4867   -0.4867
  777.0000    0.1103    0.1103   -0.7583   -0.7583
  778.0000    0.1233    0.1233   -0.6549   -0.6549
  779.0000    0.0905    0.0905   -0.3564   -0.3564
  780.0000    0.0412    0.0412   -0.0628   -0.0628
  781.0000    0.0941    0.0941   -0.0925   -0.0925
  782.0000    0.1885    0.1885   -0.2505   -0.2505
  783.0000    0.4101    0.4267   -0.6295   -0.5747
  784.0000    0.5788    0.5788   -0.9287   -0.9287
  785.0000    0.4057    0.4057   -1.1505   -1.1505
  786.0000    0.0098    0.0098   -1.2474   -1.2474
  787.0000   -0.4496   -0.4496   -1.2013   -1.2013
  788.0000   -0.6739   -0.6739   -1.0598   -1.0598
  789.0000   -1.0671   -1.0671   -0.8860   -0.8860
  790.0000   -1.2479   -1.2479   -0.7571   -0.7571
  791.0000   -1.2726   -1.2726   -0.9341   -0.9341
  792.0000   -1.5584   -1.5584   -1.1545   -1.1545
  793.0000   -1.7665   -1.7665   -1.3894   -1.3894
  794.0000   -1.5190   -1.5190   -1.4559   -1.4559
  795.0000   -0.9588   -0.9588   -1.3516   -1.3516
  796.0000   -0.0942   -0.0942   -1.0983   -1.0983
  797.0000    0.7550    0.7550   -0.6306   -0.6306
  798.0000    1.2102    1.2102   -0.3409   -0.3409
  799.0000    1.2279    1.2279    0.0220    0.0220
  800.0000    1.0175    1.0175    0.2068    0.2068
  801.0000    0.9086    0.9086    0.2771    0.2771
  802.0000    0.7950    0.7950    0.4696    0.4696
  803.0000    1.0124    1.0124    0.6734    0.6734
  804.0000    1.3283    1.3283    0.7540    0.7540
  805.0000    1.6003    1.5616    0.5977    0.6449
  806.0000    1.6371    1.6371    0.5936    0.5936
  807.0000    1.5570    1.5570    0.8196    0.8196
  808.0000    1.4788    1.4788    1.1598    1.1598
  809.0000    1.2149    1.2149    1.4547    1.4547
  810.0000    0.7492    0.7492    1.3599    1.3599
  811.0000    0.4858    0.4858    1.0590    1.0590
  812.0000    0.1770    0.1770    0.8130    0.8130
  813.0000   -0.0717   -0.0717    0.4644    0.4644
  814.0000   -0.2670   -0.2670    0.2384    0.2384
  815.0000   -0.6048   -0.6048    0.1686    0.1686
  816.0000   -1.1377   -1.1377    0.2835    0.2835
  817.0000   -1.5200   -1.5200    0.6582    0.6582
  818.0000   -1.4625   -1.4625    0.7745    0.7745
  819.0000   -1.4697   -1.4697    0.7487    0.7487
  820.0000   -1.5761   -1.5761    0.6131    0.6131
  821.0000   -1.5615   -1.5615    0.5226    0.5226
  822.0000   -1.5753   -1.5753    0.7102    0.7102
  823.0000   -1.4171   -1.4171    1.0737    1.0737
  824.0000   -1.0902   -1.0902    1.3285    1.3285
  825.0000   -0.3953   -0.3953    1.3404    1.3404
  826.0000   -0.0758   -0.0758    1.1317    1.1317
  827.0000   -0.2350   -0.2350    0.9155    0.9155
  828.0000   -0.6755   -0.6755    0.9189    0.9189
  829.0000   -0.9776   -0.9776    1.0184    1.0184
  830.0000   -1.0385   -1.0385    0.6916    0.6916
  831.0000   -0.8331   -0.8331    0.3342    0.3342
  832.0000   -0.5925   -0.5925   -0.2909   -0.2909
  833.0000   -0.2572   -0.2572   -0.9701   -0.9701
  834.0000    0.0249    0.0249   -1.3411   -1.3411
  835.0000    0.1757    0.1757   -1.5394   -1.5394
  836.0000   -0.1775   -0.1775   -1.6599   -1.6599
  837.0000   -0.6703   -0.6703   -1.7920   -1.7920
  838.0000   -1.1104   -1.1104   -1.9707   -1.9707
  839.0000   -1.2452   -1.2452   -1.7865   -1.7865
  840.0000   -1.0190   -1.0190   -1.3646   -1.3646
  841.0000   -0.7389   -0.7389   -0.6690   -0.6690
  842.0000   -0.4914   -0.4914   -0.0616   -0.0616
  843.0000   -0.3524   -0.3524    0.1421    0.1421
  844.0000   -0.3298   -0.3298    0.4480    0.4480
  845.0000   -0.2877   -0.2877    0.8124    0.8124
  846.0000   -0.0595   -0.0595    1.1040    1.1040
  847.0000    0.1121    0.1121    1.0837    1.0837
  848.0000    0.1443    0.1443    0.8526    0.8526
  849.0000    0.4689    0.4847    0.4486    0.3950
  850.0000    0.9891    0.9891   -0.2916   -0.2916
  851.0000    1.3685    1.3685   -1.0812   -1.0812
  852.0000    1.5977    1.5977   -1.5834   -1.5834
  853.0000    1.9322    1.9322   -1.8888   -1.8888
  854.0000    2.3165    2.3165   -1.8806   -1.8806
  855.0000    2.3433    2.3433   -1.6276   -1.6276
  856.0000    2.2946    2.2946   -1.5180   -1.5180
  857.0000    2.3512    2.3181   -1.5223   -1.5622
  858.0000    2.2629    2.3276   -1.5095   -1.6440
  859.0000    2.1986    2.1986   -1.6450   -1.6450
  860.0000    1.8710    1.8710   -1.4704   -1.4704
  861.0000    1.4885    1.4885   -1.1170   -1.1170
  862.0000    1.1518    1.1518   -0.6405   -0.6405
  863.0000    1.1303    1.1303   -0.2499   -0.2499
  864.0000    1.1610    1.1610    0.0128    0.0128
  865.0000    1.4105    1.4105    0.2290    0.2290
  866.0000    1.6781    1.6781    0.5046    0.5046
  867.0000    1.9891    1.9891    0.8431    0.8431
  868.0000    2.2218    2.2218    0.9744    0.9744
  869.0000    2.2464    2.2464    0.9731    0.9731
  870.0000    2.0412    2.0412    0.9537    0.9537
  871.0000    1.7317    1.7317    0.8764    0.8764
  872.0000    1.3217    1.3217    1.0863    1.0863
  873.0000    0.4364    0.4364    1.3531    1.3531
  874.0000   -0.5820   -0.5820    1.4433    1.4433
  875.0000   -1.2352   -1.2352    1.3258    1.3258
  876.0000   -1.1610   -1.1610    1.3045    1.3045
  877.0000   -0.7890   -0.7890    1.1400    1.1400
  878.0000   -0.5506   -0.5506    0.7911    0.7911
  879.0000   -0.7526   -0.7526    0.5388    0.5388
  880.0000   -0.9991   -0.9991    0.5145    0.5145
  881.0000   -1.0148   -1.0148    0.4925    0.4925
  882.0000   -0.8945   -0.8945    0.4896    0.4896
  883.0000   -0.9085   -0.9085    0.5647    0.5647
  884.0000   -1.0727   -1.0727    0.4194    0.4194
  885.0000   -1.2209   -1.2209    0.1658    0.1658
  886.0000   -1.3008   -1.3008    0.0885    0.0885
  887.0000   -1.4876   -1.4876    0.2801    0.2801
  888.0000   -1.5433   -1.5433    0.4793    0.4793
  889.0000   -1.3306   -1.3306    0.5110    0.5110
  890.0000   -1.3319   -1.3319    0.2852    0.2852
  891.0000   -1.3799   -1.3799    0.2566    0.2566
  892.0000   -1.2821   -1.2821    0.2220    0.2220
  893.0000   -0.8835   -0.8835    0.5178    0.5178
  894.0000   -0.4263   -0.4263    0.8431    0.8431
  895.0000   -0.3074   -0.3074    1.0220    1.0220
  896.0000   -0.3491   -0.3491    1.0462    1.0462
  897.0000   -0.5861   -0.5861    0.9595    0.9595
  898.0000   -0.6951   -0.6951    0.6448    0.6448
  899.0000   -0.6391   -0.6391    0.3820    0.3820
  900.0000   -0.4549   -0.4549    0.1035    0.1035
  901.0000   -0.3646   -0.3646   -0.1036   -0.1036
  902.0000   -0.7456   -0.7456   -0.0085   -0.0085
  903.0000   -1.4139   -1.4139    0.2588    0.2588
  904.0000   -1.7686   -1.7686    0.4007    0.4007
  905.0000   -1.6261   -1.6261    0.5293    0.5293
  906.0000   -1.4895   -1.4895    0.4413    0.4413
  907.0000   -1.3807   -1.3807    0.2039    0.2039
  908.0000   -1.2480   -1.2480   -0.1354   -0.1354
  909.0000   -1.0962   -1.0962   -0.4256   -0.4256
  910.0000   -0.8436   -0.8436   -0.3782   -0.3782
  911.0000   -0.6525   -0.6525   -0.3584   -0.3584
  912.0000   -0.6443   -0.6443   -0.3043   -0.3043
  913.0000   -0.7319   -0.7319   -0.2999   -0.2999
  914.0000   -0.3325   -0.3325   -0.3108   -0.3108
  915.0000   -0.0745   -0.0745   -0.1129   -0.1129
  916.0000    0.0311    0.0311    0.2136    0.2136
  917.0000    0.3818    0.3818    0.3359    0.3359
  918.0000    0.7708    0.7708    0.2438    0.2438
  919.0000    1.0765    1.0765   -0.1304   -0.1304
  920.0000    1.3664    1.3664   -0.4805   -0.4805
  921.0000    1.5006    1.5006   -0.6938   -0.6938
  922.0000    1.5820    1.5820   -0.6820   -0.6820
  923.0000    1.6758    1.6758   -0.5379   -0.5379
  924.0000    1.7376    1.7376   -0.2538   -0.2538
  925.0000    1.3869    1.3869   -0.1014   -0.1014
  926.0000    0.8554    0.8554   -0.1923   -0.1923
  927.0000    0.6238    0.6238   -0.5332   -0.5332
  928.0000    0.8061    0.8061   -0.7653   -0.7653
  929.0000    1.0927    1.0927   -0.8633   -0.8633
  930.0000    1.3342    1.3342   -0.8381   -0.8381
  931.0000    1.2546    1.2546   -0.6631   -0.6631
  932.0000    0.8899    0.8899   -0.2393   -0.2393
  933.0000    0.4838    0.4838   -0.0791   -0.0791
  934.0000   -0.0644   -0.0644   -0.2026   -0.2026
  935.0000   -0.2264   -0.2264   -0.3781   -0.3781
  936.0000   -0.2053   -0.2053   -0.4971   -0.4971
  937.0000   -0.5135   -0.5135   -0.3259   -0.3259
  938.0000   -0.5032   -0.5032   -0.0166   -0.0166
  939.0000   -0.4367   -0.4367    0.2832    0.2832
  940.0000   -0.4488   -0.4488    0.6562    0.6562
  941.0000   -0.2741   -0.2741    1.0174    1.0174
  942.0000   -0.0290   -0.0290    1.3091    1.3091
  943.0000    0.2896    0.2896    1.4851    1.4851
  944.0000    0.5479    0.5479    1.3291    1.3291
  945.0000    0.5525    0.5525    1.1411    1.1411
  946.0000    0.2739    0.2739    0.9462    0.9462
  947.0000   -0.2003   -0.2003    0.6303    0.6303
  948.0000   -0.6250   -0.6250    0.3346    0.3346
  949.0000   -0.7854   -0.7854    0.1335    0.1335
  950.0000   -1.0155   -1.0155   -0.3364   -0.3364
  951.0000   -1.1628   -1.1628   -0.8725   -0.8725
  952.0000   -1.3014   -1.3014   -1.0761   -1.0761
  953.0000   -1.1703   -1.1703   -1.3532   -1.3532
  954.0000   -0.7664   -0.7664   -1.6577   -1.6577
  955.0000   -0.0533   -0.0533   -1.6140   -1.6140
  956.0000    0.5679    0.5679   -1.4929   -1.4929
  957.0000    1.1008    1.1008   -1.5023   -1.5023
  958.0000    1.3336    1.3336   -1.6637   -1.6637
  959.0000    1.1355    1.1355   -1.4634   -1.4634
  960.0000    0.8985    0.8985   -1.0720   -1.0720
  961.0000    0.7574    0.7574   -0.7082   -0.7082
  962.0000    0.5217    0.5217   -0.3966   -0.3966
  963.0000    0.5835    0.5835   -0.3044   -0.3044
  964.0000    1.3330    1.3330   -0.3880   -0.3880
  965.0000    2.1678    2.1678   -0.6319   -0.6319
  966.0000    2.6830    2.6830   -0.6863   -0.6863
  967.0000    2.7839    2.7839   -0.4682   -0.4682
  968.0000    2.6401    2.6454   -0.2432   -0.2224
  969.0000    2.4935    2.4935   -0.1362   -0.1362
  970.0000    2.4222    2.4222   -0.2817   -0.2817
  971.0000    2.1293    2.1293   -0.4290   -0.4290
  972.0000    1.7187    1.7187   -0.4743   -0.4743
  973.0000    1.4086    1.4086   -0.6028   -0.6028
  974.0000    0.9594    0.9594   -0.7330   -0.7330
  975.0000    0.4563    0.4563   -0.7432   -0.7432
  976.0000   -0.0146   -0.0146   -0.8298   -0.8298
  977.0000   -0.0971   -0.0971   -0.7032   -0.7032
  978.0000   -0.1154   -0.1154   -0.3585   -0.3585
  979.0000   -0.2327   -0.2327    0.1408    0.1408
  980.0000   -0.5589   -0.5589    0.7048    0.7048
  981.0000   -1.0849   -1.0849    0.8788    0.8788
  982.0000   -1.5032   -1.5032    0.7953    0.7953
  983.0000   -1.6479   -1.6479    0.7225    0.7225
  984.0000   -1.7166   -1.7166    0.7799    0.7799
  985.0000   -1.7398   -1.7398    0.6268    0.6268
  986.0000   -1.5030   -1.5030    0.2475    0.2475
  987.0000   -1.3432   -1.3432   -0.0748   -0.0748
  988.0000   -1.4610   -1.4610   -0.5238   -0.5238
  989.0000   -2.0720   -2.0720   -0.9852   -0.9852
  990.0000   -2.6206   -2.6206   -1.2231   -1.2231
  991.0000   -2.6769   -2.6769   -1.1623   -1.1623
  992.0000   -2.2274   -2.2274   -0.9499   -0.9499
  993.0000   -1.6710   -1.6710   -0.7665   -0.7665
  994.0000   -1.1815   -1.1815   -0.7190   -0.7190
  995.0000   -0.6777   -0.6777   -0.9470   -0.9470
  996.0000   -0.0425   -0.0425   -1.1569   -1.1569
  997.0000    0.5976    0.5976   -1.0934   -1.0934
  998.0000    0.9467    0.9467   -0.6558   -0.6558
  999.0000    0.9252    0.8025   -0.2266   -0.2243
 1000.0000    0.4416    0.3784    0.1290    0.1375
 1001.0000   -0.0096   -0.0096    0.4834    0.4834
 1002.0000   -0.1629   -0.1629    0.8349    0.8349
 1003.0000   -0.2256   -0.2256    1.1263    1.1263
 1004.0000   -0.1115   -0.1115    1.3852    1.3852
 1005.0000   -0.1104   -0.1104    1.5770    1.5770
 1006.0000   -0.1126   -0.1126    1.7896    1.7896
 1007.0000   -0.0863   -0.0863    1.9788    1.9788
 1008.0000   -0.2043   -0.2043    1.8559    1.8559
 1009.0000   -0.1601   -0.1601    1.5784    1.5784
 1010.0000   -0.0511   -0.0511    1.2893    1.2893
 1011.0000    0.0581    0.0581    0.9916    0.9916
 1012.0000   -0.0302   -0.0123    0.8385    0.7821
 1013.0000   -0.1273   -0.1273    0.6404    0.6404
 1014.0000   -0.1022   -0.1022    0.5975    0.5975
 1015.0000    0.0476    0.0476    0.8575    0.8575
 1016.0000    0.2246    0.2246    1.0759    1.0759
 1017.0000    0.3986    0.3986    1.1892    1.1892
 1018.0000    0.6631    0.6176    1.0335    1.1216
 1019.0000    0.8678    0.8531    0.7593    0.8943
 1020.0000    1.0522    1.0522    0.5634    0.5634
 1021.0000    1.1257    1.1257    0.1926    0.1926
 1022.0000    1.0258    0.9150   -0.1314   -0.1461
 1023.0000    0.5248    0.5248   -0.4580   -0.4580
