    0.0000    0.1468    0.1468   -0.1091   -0.1091
    1.0000    0.4268    0.4268   -0.1264   -0.1264
    2.0000    0.6761    0.6761   -0.2557   -0.2557
    3.0000    0.5378    0.5378   -0.5413   -0.5413
    4.0000    0.4257    0.4257   -0.9715   -0.9715
    5.0000    0.4187    0.4187   -1.2172   -1.2172
    6.0000    0.3585    0.3585   -0.9909   -0.9909
    7.0000    0.0379    0.0379   -0.6374   -0.6374
    8.0000   -0.4414   -0.4414   -0.1774   -0.1774
    9.0000   -1.0829   -1.0829    0.2575    0.2575
   10.0000   -1.5495   -1.5495    0.6583    0.6583
   11.0000   -1.7810   -1.7810    1.0420    1.0420
   12.0000   -1.6588   -1.6588    1.4174    1.4174
   13.0000   -1.4747   -1.4747    1.4766    1.4766
   14.0000   -1.1882   -1.1882    1.1392    1.1392
   15.0000   -0.8005   -0.8005    0.3944    0.3944
   16.0000   -0.3333   -0.3333   -0.3066   -0.3066
   17.0000   -0.1503   -0.1503   -0.8630   -0.8630
   18.0000   -0.2786   -0.2786   -1.1061   -1.1061
   19.0000   -0.4050   -0.4050   -1.1973   -1.1973
   20.0000   -0.5514   -0.5514   -1.1905   -1.1905
   21.0000   -0.4191   -0.4191   -1.0395   -1.0395
   22.0000   -0.0107   -0.0107   -1.0099   -1.0099
   23.0000    0.4242    0.4242   -1.2788   -1.2788
   24.0000    1.0016    1.0016   -1.2090   -1.2090
   25.0000    1.2423    1.2423   -1.0277   -1.0277
   26.0000    1.3664    1.3664   -0.9516   -0.9516
   27.0000    1.3723    1.3723   -1.0655   -1.0655
   28.0000    1.4137    1.4137   -1.1259   -1.1259
   29.0000    1.6563    1.6563   -0.9564   -0.9564
   30.0000    2.0540    2.0869   -0.5677   -0.5996
   31.0000    2.5657    2.5657   -0.1413   -0.1413
   32.0000    2.9057    2.9057    0.3435    0.3435
   33.0000    2.8835    2.8835    0.7648    0.7648
   34.0000    2.5386    2.5386    0.8931    0.8931
   35.0000    2.0932    2.0932    0.7130    0.7130
   36.0000    1.7077    1.7077    0.4134    0.4134
   37.0000    1.3866    1.3736    0.1235    0.0564
   38.0000    1.0834    1.0248   -0.3583   -0.2830
   39.0000    0.5835    0.5903   -0.5742   -0.5150
   40.0000   -0.0011   -0.0011   -0.5493   -0.5493
   41.0000   -0.7255   -0.7255   -0.3057   -0.3057
   42.0000   -1.2690   -1.2690    0.0974    0.0974
   43.0000   -1.5316   -1.5316    0.1437    0.1437
   44.0000   -1.4262   -1.4262    0.0189    0.0189
   45.0000   -1.2187   -1.2187   -0.1590   -0.1590
   46.0000   -1.1571   -1.1690    0.0744    0.1028
   47.0000   -1.2589   -1.2589    0.5344    0.5344
   48.0000   -1.3547   -1.3547    0.7495    0.7495
   49.0000   -1.1981   -1.1981    0.8335    0.8335
   50.0000   -0.7753   -0.7753    0.9701    0.9701
   51.0000   -0.1985   -0.1985    1.3850    1.3850
   52.0000    0.4166    0.4166    1.9897    1.9897
   53.0000    1.0588    1.0588    2.1001    2.1001
   54.0000    1.0526    1.0526    1.9964    1.9964
   55.0000    0.6958    0.6958    1.5338    1.5338
   56.0000    0.5058    0.5058    0.9665    0.9665
   57.0000    0.2811    0.2811    0.4080    0.4080
   58.0000    0.0872    0.0872   -0.0770   -0.0770
   59.0000   -0.2178   -0.2178   -0.6005   -0.6005
   60.0000   -0.5908   -0.5908   -1.1132   -1.1132
   61.0000   -1.0329   -1.0329   -1.6284   -1.6284
   62.0000   -1.2283   -1.2283   -1.8648   -1.8648
   63.0000   -1.2273   -1.2273   -1.7559   -1.7559
   64.0000   -1.1278   -1.1278   -1.5676   -1.5676
   65.0000   -1.0141   -1.0141   -1.5604   -1.5604
   66.0000   -0.8154   -0.8154   -1.5267   -1.5267
   67.0000   -0.6090   -0.6090   -1.5739   -1.5739
   68.0000   -0.4340   -0.4340   -1.5588   -1.5588
   69.0000   -0.1289   -0.1289   -1.4748   -1.4748
   70.0000   -0.0630   -0.0630   -1.0372   -1.0372
   71.0000   -0.2320   -0.2320   -0.2179   -0.2179
   72.0000   -0.5587   -0.6295    0.5577    0.5648
   73.0000   -1.1043   -1.1043    1.0996    1.0996
   74.0000   -1.4748   -1.4748    1.3087    1.3087
   75.0000   -1.5621   -1.5621    1.2213    1.2213
   76.0000   -1.0588   -1.1025    0.7754    0.6597
   77.0000   -0.4910   -0.4910   -0.0480   -0.0480
   78.0000   -0.2069   -0.2069   -0.4675   -0.4675
   79.0000   -0.2846   -0.2846   -0.4174   -0.4174
   80.0000   -0.5662   -0.5662   -0.0922   -0.0922
   81.0000   -1.0500   -1.0500    0.1622    0.1622
   82.0000   -1.1375   -1.1375    0.4275    0.4275
   83.0000   -1.1622   -1.1622    0.7268    0.7268
   84.0000   -1.1822   -1.1822    1.1537    1.1537
   85.0000   -0.9797   -0.9797    1.6565    1.6565
   86.0000   -0.8675   -0.8675    2.1535    2.1535
   87.0000   -0.6758   -0.6758    2.6956    2.6956
   88.0000   -0.5513   -0.5513    2.8973    2.8973
   89.0000   -0.5997   -0.5997    2.5841    2.5841
   90.0000   -0.1823   -0.1823    2.0373    2.0373
   91.0000    0.1764    0.1764    1.5408    1.5408
   92.0000    0.5213    0.5213    1.0581    1.0581
   93.0000    0.8614    0.8614    0.8392    0.8392
   94.0000    1.1421    1.0154    0.9625    0.7429
   95.0000    0.9892    0.9852    0.8968    0.6767
   96.0000    0.6214    0.8306    0.6300    0.5960
   97.0000    0.4286    0.6109    0.4349    0.4563
   98.0000    0.2900    0.3859    0.2880    0.2131
   99.0000    0.2151    0.2151   -0.1780   -0.1780
  100.0000    0.2984    0.1457   -0.7223   -0.7225
  101.0000    0.1762    0.1762   -1.2692   -1.2692
  102.0000    0.3452    0.3452   -1.6106   -1.6106
  103.0000    0.7257    0.7257   -1.5962   -1.5962
  104.0000    0.8491    0.8491   -1.4431   -1.4431
  105.0000    0.6268    0.6268   -1.1332   -1.1332
  106.0000    0.5027    0.5027   -0.8970   -0.8970
  107.0000    0.6421    0.6421   -0.8860   -0.8860
  108.0000    0.8705    0.8705   -0.9146   -0.9146
  109.0000    1.0610    1.0610   -1.0325   -1.0325
  110.0000    1.1091    1.1091   -1.2987   -1.2987
  111.0000    1.0647    1.0647   -1.7765   -1.7765
  112.0000    1.0118    1.0118   -2.0778   -2.0778
  113.0000    1.3073    1.3073   -2.1216   -2.1216
  114.0000    1.4640    1.4640   -1.8727   -1.8727
  115.0000    1.4205    1.4205   -1.5313   -1.5313
  116.0000    1.2595    1.2595   -1.0055   -1.0055
  117.0000    0.5913    0.5913   -0.7735   -0.7735
  118.0000   -0.3638   -0.3638   -1.0582   -1.0582
  119.0000   -1.2759   -1.2759   -1.4243   -1.4243
  120.0000   -1.5600   -1.5600   -1.3955   -1.3955
  121.0000   -1.4112   -1.4112   -0.9421   -0.9421
  122.0000   -1.0232   -1.0232   -0.3531   -0.3531
  123.0000   -0.6967   -0.6967    0.2516    0.2516
  124.0000   -0.6181   -0.6181    0.3188    0.3188
  125.0000   -0.7065   -0.7065    0.1406    0.1406
  126.0000   -0.7284   -0.7284   -0.3878   -0.3878
  127.0000   -0.6660   -0.6660   -0.8611   -0.8611
  128.0000   -0.7697   -0.7697   -0.7530   -0.7530
  129.0000   -1.0166   -1.0166   -0.4946   -0.4946
  130.0000   -1.2882   -1.2882   -0.2338   -0.2338
  131.0000   -1.1584   -1.1584   -0.2163   -0.2163
  132.0000   -1.1148   -1.1148    0.0244    0.0244
  133.0000   -1.0887   -1.0887    0.3002    0.3002
  134.0000   -1.4131   -1.4131    0.8055    0.8055
  135.0000   -1.3972   -1.3972    1.0858    1.0858
  136.0000   -1.2273   -1.2273    1.0709    1.0709
  137.0000   -0.9118   -0.9118    0.9541    0.9541
  138.0000   -0.1140   -0.1140    0.8920    0.8920
  139.0000    0.8115    0.8115    0.9245    0.9245
  140.0000    1.4838    1.4838    0.8679    0.8679
  141.0000    1.8980    1.8980    0.9045    0.9045
  142.0000    1.7334    1.7334    1.3029    1.3029
  143.0000    1.2504    1.2504    1.7111    1.7111
  144.0000    1.0092    0.9443    2.0778    2.0699
  145.0000    0.9024    0.9024    2.1588    2.1588
  146.0000    1.0282    1.0282    1.8732    1.8732
  147.0000    1.1131    1.1131    1.7069    1.7069
  148.0000    1.3044    1.3044    1.6593    1.6593
  149.0000    1.1229    1.1229    1.5574    1.5574
  150.0000    0.6774    0.6774    1.3542    1.3542
  151.0000    0.0186    0.0186    0.9803    0.9803
  152.0000   -0.4957   -0.4957    0.5369    0.5369
  153.0000   -0.6700   -0.6700   -0.3409   -0.3409
  154.0000   -0.4932   -0.4932   -0.8793   -0.8793
  155.0000   -0.2808   -0.2808   -1.0611   -1.0611
  156.0000   -0.0066   -0.0066   -0.9551   -0.9551
  157.0000    0.4115    0.4115   -0.7926   -0.7926
  158.0000    0.9731    0.9731   -0.6381   -0.6381
  159.0000    1.2339    1.2339   -0.3827   -0.3827
  160.0000    1.3715    1.3715   -0.2878   -0.2878
  161.0000    1.2557    1.2557   -0.0720   -0.0720
  162.0000    1.2093    1.2093    0.1326    0.1326
  163.0000    1.2628    1.2628   -0.1751   -0.1751
  164.0000    1.2061    1.2061   -0.7032   -0.7032
  165.0000    1.1507    1.1507   -0.8559   -0.8559
  166.0000    0.8677    0.8677   -0.5899   -0.5899
  167.0000    0.5280    0.5280   -0.2464   -0.2464
  168.0000    0.3088    0.3088   -0.0852   -0.0852
  169.0000    0.1118    0.1118   -0.1060   -0.1060
  170.0000   -0.2806   -0.2806   -0.3287   -0.3287
  171.0000   -0.3979   -0.3979   -0.2730   -0.2730
  172.0000   -0.3683   -0.3683   -0.0728   -0.0728
  173.0000   -0.3484   -0.3484    0.2382    0.2382
  174.0000   -0.4038   -0.4038    0.1973    0.1973
  175.0000   -0.3835   -0.3835   -0.0882   -0.0882
  176.0000    0.0919    0.0919   -0.3093   -0.3093
  177.0000    0.6768    0.6768   -0.3543   -0.3543
  178.0000    0.7571    0.7571   -0.1508   -0.1508
  179.0000    0.5088    0.5088   -0.0327   -0.0327
  180.0000   -0.0350   -0.0350    0.1612    0.1612
  181.0000   -0.7608   -0.7608    0.6773    0.6773
  182.0000   -1.2237   -1.2237    1.4273    1.4273
  183.0000   -1.4413   -1.4413    2.0379    2.0379
  184.0000   -1.5466   -1.5466    1.9711    1.9711
  185.0000   -1.6280   -1.6280    1.3837    1.3837
  186.0000   -1.6849   -1.6849    0.8636    0.8636
  187.0000   -1.9159   -1.9159    0.4179    0.4179
  188.0000   -2.1547   -2.1547    0.0434    0.0434
  189.0000   -2.4039   -2.4039   -0.5106   -0.5106
  190.0000   -2.3451   -2.3451   -1.0065   -1.0065
  191.0000   -2.3650   -2.3650   -1.2304   -1.2304
  192.0000   -2.6564   -2.6564   -1.1536   -1.1536
  193.0000   -2.8245   -2.8245   -1.1666   -1.1666
  194.0000   -2.8170   -2.8170   -1.3776   -1.3776
  195.0000   -2.4797   -2.4797   -1.5241   -1.5241
  196.0000   -1.9047   -1.9047   -1.4377   -1.4377
  197.0000   -1.1540   -1.1540   -1.2860   -1.2860
  198.0000   -0.3744   -0.3744   -1.2110   -1.2110
  199.0000    0.3356    0.3356   -0.9904   -0.9904
  200.0000    0.7558    0.7558   -0.8419   -0.8419
  201.0000    0.8266    0.8266   -0.6888   -0.6888
  202.0000    0.8488    0.8488   -0.3956   -0.3956
  203.0000    0.6792    0.6792   -0.2056   -0.2056
  204.0000    0.0741    0.0741   -0.2227   -0.2227
  205.0000   -0.4988   -0.4988   -0.1425   -0.1425
  206.0000   -0.8335   -0.8335    0.0150    0.0150
  207.0000   -1.1499   -1.1499   -0.2232   -0.2232
  208.0000   -1.3201   -1.3201   -0.3311   -0.3311
  209.0000   -1.2588   -1.2588   -0.5146   -0.5146
  210.0000   -1.1274   -1.1274   -0.7152   -0.7152
  211.0000   -1.0702   -1.0702   -0.6913   -0.6913
  212.0000   -0.9910   -1.0250   -0.6896   -0.7465
  213.0000   -1.0142   -0.9661   -0.9273   -0.9277
  214.0000   -0.8719   -0.8910   -1.1240   -1.1730
  215.0000   -0.7973   -0.7973   -1.4206   -1.4206
  216.0000   -0.6452   -0.6452   -1.5676   -1.5676
  217.0000   -0.2167   -0.2991   -1.3256   -1.4305
  218.0000    0.0826    0.1961   -0.8046   -1.1194
  219.0000    0.6443    0.7407   -0.5846   -0.8284
  220.0000    1.2353    1.2353   -0.7514   -0.7514
  221.0000    1.5618    1.5618   -0.9598   -0.9598
  222.0000    1.6440    1.6440   -1.1378   -1.1378
  223.0000    1.7432    1.7432   -1.2497   -1.2497
  224.0000    1.8822    1.8822   -1.2772   -1.2772
  225.0000    2.1765    2.1765   -1.1507   -1.1507
  226.0000    2.4007    2.4007   -1.1114   -1.1114
  227.0000    2.5058    2.5058   -1.2897   -1.2897
  228.0000    2.3562    2.3562   -1.3049   -1.3049
  229.0000    2.0127    2.0127   -1.2392   -1.2392
  230.0000    1.4617    1.4617   -0.8955   -0.8955
  231.0000    1.2607    1.3487   -0.4745   -0.4540
  232.0000    1.5663    1.5663   -0.0695   -0.0695
  233.0000    1.8068    1.8068    0.1947    0.1947
  234.0000    1.9517    1.9517    0.4118    0.4118
  235.0000    1.9114    1.9114    0.5349    0.5349
  236.0000    1.8242    1.8242    0.5980    0.5980
  237.0000    1.8489    1.8489    0.3720    0.3720
  238.0000    1.4867    1.4867    0.1405    0.1405
  239.0000    1.0282    1.0282    0.0976    0.0976
  240.0000    0.5171    0.5171    0.3076    0.3076
  241.0000    0.0280    0.0280    0.5340    0.5340
  242.0000   -0.1252   -0.1252    0.6922    0.6922
  243.0000   -0.2684   -0.2684    0.7649    0.7649
  244.0000   -0.2511   -0.2511    0.4869    0.4869
  245.0000   -0.2430   -0.2430    0.0598    0.0598
  246.0000   -0.5522   -0.5522   -0.4809   -0.4809
  247.0000   -1.1319   -1.1319   -0.8791   -0.8791
  248.0000   -1.4832   -1.4832   -1.1251   -1.1251
  249.0000   -1.6206   -1.6206   -1.4938   -1.4938
  250.0000   -1.7621   -1.7105   -1.7830   -1.8197
  251.0000   -1.8804   -1.7423   -1.9491   -1.9423
  252.0000   -1.6586   -1.6586   -1.7380   -1.7380
  253.0000   -1.4242   -1.4242   -1.1536   -1.1536
  254.0000   -1.0832   -1.0832   -0.4416   -0.4416
  255.0000   -0.6954   -0.6954    0.1013    0.1013
  256.0000   -0.3551   -0.3551    0.6189    0.6189
  257.0000   -0.0110   -0.0110    1.2259    1.2259
  258.0000    0.2093    0.2093    1.6589    1.6589
  259.0000    0.3680    0.3680    1.8149    1.8149
  260.0000    0.3804    0.3804    1.8872    1.8872
  261.0000    0.3951    0.3951    2.0325    2.0325
  262.0000    0.4464    0.4464    2.0590    2.0590
  263.0000    0.7617    0.7617    1.9595    1.9595
  264.0000    1.0561    1.0561    1.8268    1.8268
  265.0000    1.2332    1.2332    1.6582    1.6582
  266.0000    1.1260    1.1260    1.2527    1.2527
  267.0000    1.0045    1.0045    1.0136    1.0136
  268.0000    1.2395    1.2395    0.8931    0.8931
  269.0000    1.5930    1.5930    0.7978    0.7978
  270.0000    1.7000    1.6550    0.5991    0.6615
  271.0000    1.6041    1.6041    0.3539    0.3539
  272.0000    1.6853    1.6853   -0.1090   -0.1090
  273.0000    1.7567    1.7567   -0.3002   -0.3002
  274.0000    1.5364    1.5364   -0.3845   -0.3845
  275.0000    0.9885    0.9885   -0.1138   -0.1138
  276.0000    0.5552    0.5552    0.1077    0.1077
  277.0000    0.2762    0.2762    0.0337    0.0337
  278.0000    0.1545    0.1545    0.0974    0.0974
  279.0000    0.1137    0.0724   -0.0125    0.0233
  280.0000    0.0363    0.0363   -0.0287   -0.0287
  281.0000    0.0730    0.0730    0.2206    0.2206
  282.0000    0.0426    0.0426    0.7268    0.7268
  283.0000   -0.3073   -0.3073    1.0869    1.0869
  284.0000   -0.6063   -0.6063    1.0113    1.0113
  285.0000   -0.8299   -0.8299    0.5631    0.5631
  286.0000   -1.0516   -1.0516    0.1404    0.1404
  287.0000   -1.0764   -1.0764   -0.2173   -0.2173
  288.0000   -1.1947   -1.1947   -0.4626   -0.4626
  289.0000   -1.3430   -1.4087   -0.5303   -0.5337
  290.0000   -1.6800   -1.6800   -0.2460   -0.2460
  291.0000   -1.9245   -1.9245    0.4288    0.4288
  292.0000   -1.9727   -1.9727    0.9029    0.9029
  293.0000   -2.0836   -2.0836    1.0465    1.0465
  294.0000   -2.0268   -2.0268    1.1282    1.1282
  295.0000   -1.9448   -1.9448    1.2627    1.2627
  296.0000   -1.8896   -1.8896    1.2369    1.2369
  297.0000   -1.7759   -1.7759    1.1743    1.1743
  298.0000   -1.4690   -1.4690    0.9029    0.9029
  299.0000   -1.4444   -1.4444    0.5618    0.5618
  300.0000   -1.5321   -1.5321    0.2710    0.2710
  301.0000   -1.3730   -1.3730   -0.0292   -0.0292
  302.0000   -0.9903   -0.9903    0.0261    0.0261
  303.0000   -0.6520   -0.6520    0.1606    0.1606
  304.0000   -0.3631   -0.3631    0.4027    0.4027
  305.0000   -0.1992   -0.1992    0.4489    0.4489
  306.0000    0.0993    0.0993    0.1053    0.1053
  307.0000    0.3312    0.3312    0.1735    0.1735
  308.0000    0.5039    0.5039    0.4223    0.4223
  309.0000    0.5663    0.5663    0.4594    0.4594
  310.0000    0.5442    0.5442    0.3162    0.3162
  311.0000    0.2822    0.2822    0.0449    0.0449
  312.0000    0.2714    0.2714   -0.1733   -0.1733
  313.0000    0.4616    0.4616   -0.0585   -0.0585
  314.0000    1.0174    1.0174   -0.1944   -0.1944
  315.0000    1.3334    1.3334   -0.5913   -0.5913
  316.0000    1.4823    1.4823   -0.6473   -0.6473
  317.0000    1.5770    1.5770   -0.3767   -0.3767
  318.0000    1.4394    1.4394    0.1243    0.1243
  319.0000    1.2476    1.2476    0.4424    0.4424
  320.0000    1.3163    1.3163    0.7440    0.7440
  321.0000    1.5483    1.5483    0.9098    0.9098
  322.0000    1.4435    1.4435    0.8448    0.8448
  323.0000    1.3888    1.3888    0.6202    0.6202
  324.0000    1.1951    1.1951    0.2233    0.2233
  325.0000    1.1249    1.1249    0.0920    0.0920
  326.0000    1.1090    1.1090    0.0278    0.0278
  327.0000    0.8075    0.8075   -0.0749   -0.0749
  328.0000    0.7276    0.7276   -0.3211   -0.3211
  329.0000    0.8855    0.8855   -0.7016   -0.7016
  330.0000    1.2982    1.2982   -1.1205   -1.1205
  331.0000    1.3622    1.3622   -1.4026   -1.4026
  332.0000    1.4786    1.4786   -1.4086   -1.4086
  333.0000    1.6134    1.6134   -1.3001   -1.3001
  334.0000    1.4169    1.4169   -1.2274   -1.2274
  335.0000    1.1939    1.1939   -1.1452   -1.1452
  336.0000    0.9698    0.9698   -1.1130   -1.1130
  337.0000    0.8492    0.8492   -0.9732   -0.9732
  338.0000    0.3356    0.3356   -0.5977   -0.5977
  339.0000   -0.3225   -0.3225    0.0968    0.0968
  340.0000   -0.7729   -0.7729    1.1185    1.1185
  341.0000   -1.0336   -1.0336    2.1847    2.1847
  342.0000   -1.3143   -1.3143    2.7121    2.7121
  343.0000   -1.5765   -1.5765    2.8269    2.8269
  344.0000   -1.7747   -1.7747    2.5087    2.5087
  345.0000   -1.8298   -1.8298    1.8948    1.8948
  346.0000   -1.5749   -1.5749    1.4403    1.4403
  347.0000   -1.2054   -1.2054    0.9667    0.9667
  348.0000   -0.8636   -0.8636    0.4539    0.4539
  349.0000   -0.7908   -0.7908    0.0990    0.0990
  350.0000   -0.4965   -0.4965   -0.1909   -0.1909
  351.0000    0.3288    0.3288   -0.3376   -0.3376
  352.0000    1.2429    1.2429   -0.3999   -0.3999
  353.0000    1.9361    1.9361   -0.4245   -0.4245
  354.0000    2.0929    2.0929   -0.5127   -0.5127
  355.0000    1.8517    1.8517   -0.3516   -0.3516
  356.0000    1.8856    1.8856    0.0677    0.0677
  357.0000    1.8148    1.8148    0.3854    0.3854
  358.0000    1.5276    1.5276    0.4399    0.4399
  359.0000    1.1691    1.1691    0.4962    0.4962
  360.0000    0.7608    0.7608    0.3781    0.3781
  361.0000    0.2940    0.2940    0.2951    0.2951
  362.0000   -0.1347   -0.1347    0.0648    0.0648
  363.0000   -0.1577   -0.1577   -0.3786   -0.3786
  364.0000   -0.1439   -0.1439   -0.8853   -0.8853
  365.0000   -0.1092   -0.0603   -1.2355   -1.1063
  366.0000    0.0665    0.0400   -1.1262   -1.1113
  367.0000    0.0373    0.0373   -1.0938   -1.0938
  368.0000   -0.1468   -0.1468   -1.0961   -1.0961
  369.0000   -0.4686   -0.4686   -0.7977   -0.7977
  370.0000   -0.9579   -0.9579   -0.5056   -0.5056
  371.0000   -1.4403   -1.4403   -0.1244   -0.1244
  372.0000   -1.7105   -1.7105    0.2422    0.2422
  373.0000   -1.6896   -1.6896    0.4097    0.4097
  374.0000   -1.4920   -1.4920    0.6306    0.6306
  375.0000   -0.8888   -0.8888    0.5518    0.5518
  376.0000   -0.2874   -0.2874    0.3797    0.3797
  377.0000    0.0896    0.0896   -0.1583   -0.1583
  378.0000    0.4239    0.4239   -0.5564   -0.5564
  379.0000    0.4555    0.5549   -0.6904   -0.7844
  380.0000    0.4925    0.5146   -0.8556   -0.8825
  381.0000    0.4168    0.4168   -0.8575   -0.8575
  382.0000    0.2920    0.2920   -0.7541   -0.7541
  383.0000   -0.0903   -0.0903   -0.6712   -0.6712
  384.0000   -0.6408   -0.6408   -0.4526   -0.4526
  385.0000   -0.9302   -0.9302   -0.1286   -0.1286
  386.0000   -1.1441   -1.1441    0.4216    0.4216
  387.0000   -1.4322   -1.4378    0.8025    0.7637
  388.0000   -1.6119   -1.6119    0.9210    0.9210
  389.0000   -1.4797   -1.4739    1.1053    1.0427
  390.0000   -1.1803   -1.1803    1.1164    1.1164
  391.0000   -0.8667   -0.8667    1.0782    1.0782
  392.0000   -0.3606   -0.3606    0.9257    0.9257
  393.0000    0.1694    0.1694    0.8927    0.8927
  394.0000    0.5933    0.5933    0.7690    0.7690
  395.0000    0.6813    0.6813    0.5894    0.5894
  396.0000    0.2228    0.2228    0.2018    0.2018
  397.0000   -0.2210   -0.1512   -0.0122   -0.0414
  398.0000   -0.2445   -0.2445   -0.0363   -0.0363
  399.0000   -0.0784   -0.0784    0.1589    0.1589
  400.0000    0.1774    0.1774    0.3067    0.3067
  401.0000    0.4367    0.4367    0.4102    0.4102
  402.0000    0.7481    0.7481    0.9402    0.9402
  403.0000    0.9605    0.9605    1.6697    1.6697
  404.0000    1.0839    1.0839    1.9867    1.9867
  405.0000    0.9002    0.9002    2.1150    2.1150
  406.0000    0.5315    0.5315    2.0015    2.0015
  407.0000    0.3474    0.3474    1.7074    1.7074
  408.0000   -0.0680   -0.0680    1.3195    1.3195
  409.0000   -0.4322   -0.4322    0.9531    0.9531
  410.0000   -0.8344   -0.8344    0.4607    0.4607
  411.0000   -0.9763   -0.9763   -0.1714   -0.1714
  412.0000   -1.0360   -1.0360   -0.8809   -0.8809
  413.0000   -1.0722   -1.0722   -1.2286   -1.2286
  414.0000   -1.1632   -1.1632   -1.2773   -1.2773
  415.0000   -1.0604   -1.0604   -1.3581   -1.3581
  416.0000   -0.8430   -0.8430   -1.3633   -1.3633
  417.0000   -0.5954   -0.5954   -1.3935   -1.3935
  418.0000   -0.4654   -0.4654   -1.2563   -1.2563
  419.0000   -0.4120   -0.4120   -0.9212   -0.9212
  420.0000   -0.4750   -0.4657   -0.7360   -0.6059
  421.0000   -0.5036   -0.5036   -0.5125   -0.5125
  422.0000   -0.4241   -0.4241   -0.7465   -0.7465
  423.0000   -0.2988   -0.2988   -1.1170   -1.1170
  424.0000   -0.0060   -0.0060   -1.4506   -1.4506
  425.0000    0.1014    0.1014   -1.6185   -1.6185
  426.0000    0.0629    0.0629   -1.6826   -1.6826
  427.0000    0.0341    0.0341   -1.8395   -1.8395
  428.0000   -0.0737   -0.0737   -1.9952   -1.9952
  429.0000   -0.2552   -0.2552   -1.9273   -1.9273
  430.0000   -0.1961   -0.1961   -1.9311   -1.9311
  431.0000   -0.0060   -0.0060   -2.0991   -2.0991
  432.0000    0.2986    0.2986   -2.0128   -2.0128
  433.0000    0.5566    0.5566   -1.5762   -1.5762
  434.0000    0.8240    0.8240   -0.9025   -0.9025
  435.0000    0.8764    0.8764   -0.5131   -0.5131
  436.0000    0.8037    0.8037   -0.3075   -0.3075
  437.0000    0.6249    0.6249   -0.1479   -0.1479
  438.0000    0.4073    0.4073   -0.2707   -0.2707
  439.0000    0.4920    0.4920   -0.5324   -0.5324
  440.0000    0.6579    0.6579   -0.8727   -0.8727
  441.0000    0.6208    0.6208   -1.1755   -1.1755
  442.0000    0.4761    0.4761   -1.5081   -1.5081
  443.0000    0.3469    0.3469   -1.6536   -1.6536
  444.0000    0.1621    0.1621   -1.3176   -1.3176
  445.0000   -0.1368   -0.1368   -0.6237   -0.6237
  446.0000   -0.5291   -0.5291    0.2590    0.2590
  447.0000   -0.5994   -0.5994    0.9210    0.9210
  448.0000   -0.4186   -0.4186    1.1132    1.1132
  449.0000   -0.2600   -0.2600    0.8889    0.8889
  450.0000   -0.4121   -0.4121    0.8590    0.8590
  451.0000   -0.7581   -0.7581    0.7892    0.7892
  452.0000   -1.1402   -1.1402    0.7311    0.7311
  453.0000   -1.4132   -1.4132    0.8716    0.8716
  454.0000   -1.4789   -1.4789    0.9683    0.9683
  455.0000   -1.3382   -1.3382    1.0734    1.0734
  456.0000   -1.2354   -1.2354    1.0875    1.0875
  457.0000   -0.9903   -0.9903    1.1811    1.1811
  458.0000   -0.7709   -0.7709    1.0256    1.0256
  459.0000   -0.7757   -0.7757    0.6150    0.6150
  460.0000   -0.8454   -0.8454    0.1966    0.1966
  461.0000   -0.7803   -0.7803    0.1741    0.1741
  462.0000   -0.8680   -0.8680    0.4162    0.4162
  463.0000   -0.7699   -0.7699    0.1889    0.1889
  464.0000   -0.6363   -0.6363   -0.4246   -0.4246
  465.0000   -0.3850   -0.3850   -0.9697   -0.9697
  466.0000   -0.0788   -0.0788   -1.3639   -1.3639
  467.0000    0.1652    0.1652   -1.4608   -1.4608
  468.0000    0.3512    0.3512   -1.2930   -1.2930
  469.0000    0.8064    0.8064   -1.1479   -1.1479
  470.0000    1.0156    1.0156   -1.0356   -1.0356
  471.0000    0.8646    0.8646   -1.0736   -1.0736
  472.0000    0.4885    0.4885   -1.0811   -1.0811
  473.0000   -0.1231   -0.1231   -0.8477   -0.8477
  474.0000   -0.4080   -0.4080   -0.6565   -0.6565
  475.0000   -0.3070   -0.3070   -0.1899   -0.1899
  476.0000   -0.1122   -0.1122    0.4760    0.4760
  477.0000    0.0871    0.0871    0.9906    0.9906
  478.0000   -0.0558   -0.0558    1.4748    1.4748
  479.0000   -0.0956   -0.0956    2.0070    2.0070
  480.0000   -0.1179   -0.1179    2.4247    2.4247
  481.0000    0.1216    0.1216    2.3950    2.3950
  482.0000    0.5352    0.5352    2.1047    2.1047
  483.0000    0.8364    0.8364    2.0884    2.0884
  484.0000    1.0623    1.1799    1.8399    1.8800
  485.0000    1.6050    1.6050    1.5572    1.5572
  486.0000    1.9627    1.9627    1.3922    1.3922
  487.0000    1.8232    1.8232    1.4928    1.4928
  488.0000    1.4001    1.4001    1.6868    1.6868
  489.0000    0.8202    0.8202    1.6535    1.6535
  490.0000    0.3613    0.3613    1.2886    1.2886
  491.0000   -0.0390   -0.0390    0.8502    0.8502
  492.0000   -0.3150   -0.3150    0.3509    0.3509
  493.0000   -0.6068   -0.6068    0.0004    0.0004
  494.0000   -0.8073   -0.8073   -0.1804   -0.1804
  495.0000   -0.7170   -0.7170   -0.1877   -0.1877
  496.0000   -0.3867   -0.3867   -0.0073   -0.0073
  497.0000    0.0193    0.0193    0.3622    0.3622
  498.0000    0.1259    0.1259    0.5374    0.5374
  499.0000   -0.0100   -0.0100    0.7358    0.7358
  500.0000   -0.0322   -0.0322    0.7209    0.7209
  501.0000    0.1802    0.1802    0.2180    0.2180
  502.0000    0.2826    0.2826   -0.5159   -0.5159
  503.0000    0.0495    0.0495   -0.9789   -0.9789
  504.0000   -0.2156   -0.2156   -1.1889   -1.1889
  505.0000   -0.5100   -0.5100   -1.5721   -1.5721
  506.0000   -0.5519   -0.5519   -1.8916   -1.8916
  507.0000   -0.5100   -0.5100   -2.4483   -2.4483
  508.0000   -0.3753   -0.3753   -2.8971   -2.8971
  509.0000   -0.2448   -0.2752   -2.9328   -2.9312
  510.0000   -0.3326   -0.2192   -2.5230   -2.5918
  511.0000   -0.3631   -0.1696   -1.8371   -1.9938
  512.0000   -0.0885   -0.0885   -1.2524   -1.2524
  513.0000    0.0695    0.0695   -0.4750   -0.4750
  514.0000    0.3392    0.3392    0.2773    0.2773
  515.0000    0.5812    0.5812    0.9756    0.9756
  516.0000    0.6225    0.6225    1.4326    1.4326
  517.0000    0.4968    0.4968    1.4724    1.4724
  518.0000    0.0298    0.0298    1.3843    1.3843
  519.0000   -0.6930   -0.6930    1.4001    1.4001
  520.0000   -1.3011   -1.3011    1.6781    1.6781
  521.0000   -1.5164   -1.5164    1.8220    1.8220
  522.0000   -1.4924   -1.4924    1.8308    1.8308
  523.0000   -1.2985   -1.2985    1.6643    1.6643
  524.0000   -1.0661   -1.0661    1.7364    1.7364
  525.0000   -1.0052   -1.0052    1.9562    1.9562
  526.0000   -0.6899   -0.6899    2.0029    2.0029
  527.0000   -0.2615   -0.2615    1.6861    1.6861
  528.0000    0.0936    0.0936    1.1395    1.1395
  529.0000    0.3235    0.3235    0.6611    0.6611
  530.0000    0.4063    0.4063    0.2020    0.2020
  531.0000    0.4655    0.4655   -0.1646   -0.1646
  532.0000    0.5799    0.5799   -0.3515   -0.3515
  533.0000    0.7738    0.7738   -0.4355   -0.4355
  534.0000    1.0670    1.0670   -0.0914   -0.0914
  535.0000    1.3622    1.3622    0.4647    0.4647
  536.0000    1.4523    1.4523    0.8718    0.8718
  537.0000    1.2326    1.2326    0.9917    0.9917
  538.0000    1.1814    1.1814    0.9078    0.9078
  539.0000    1.5408    1.5408    0.8109    0.8109
  540.0000    2.0386    2.0386    0.6087    0.6087
  541.0000    2.1326    2.1326    0.3176    0.3176
  542.0000    1.9636    1.9636    0.1276    0.1276
  543.0000    1.6216    1.6216    0.3169    0.3169
  544.0000    1.4251    1.4251    0.3422    0.3422
  545.0000    1.2534    1.2534   -0.1427   -0.1427
  546.0000    1.0782    1.0782   -0.7178   -0.7178
  547.0000    1.0293    1.0293   -0.9620   -0.9620
  548.0000    0.9997    0.9997   -0.9244   -0.9244
  549.0000    0.7531    0.7531   -0.8103   -0.8103
  550.0000    0.3916    0.3916   -0.6447   -0.6447
  551.0000   -0.0091   -0.0091   -0.4410   -0.4410
  552.0000   -0.3771   -0.3771   -0.3261   -0.3261
  553.0000   -0.4905   -0.4905   -0.3302   -0.3302
  554.0000   -0.3258   -0.3258   -0.3171   -0.3171
  555.0000   -0.1114   -0.1114   -0.3060   -0.3060
  556.0000    0.2502    0.2502   -0.1433   -0.1433
  557.0000    0.7146    0.7146   -0.0819   -0.0819
  558.0000    0.9148    0.9148    0.0454    0.0454
  559.0000    0.7992    0.7992    0.2191    0.2191
  560.0000    0.3017    0.3017    0.4058    0.4058
  561.0000   -0.4224   -0.4224    0.6382    0.6382
  562.0000   -1.1633   -1.1633    0.3485    0.3485
  563.0000   -1.3610   -1.3610   -0.2975   -0.2975
  564.0000   -1.2849   -1.2849   -0.8540   -0.8540
  565.0000   -1.1755   -1.1755   -1.0653   -1.0653
  566.0000   -1.1056   -1.1056   -0.9999   -0.9999
  567.0000   -1.1085   -1.1202   -0.9158   -0.7746
  568.0000   -1.1691   -1.1691   -0.5515   -0.5515
  569.0000   -1.0931   -1.0931   -0.4563   -0.4563
  570.0000   -0.5738   -0.5738   -0.4628   -0.4628
  571.0000    0.1534    0.1534   -0.6655   -0.6655
  572.0000    0.8869    0.8869   -1.0014   -1.0014
  573.0000    1.4263    1.4263   -1.1756   -1.1756
  574.0000    1.6028    1.6028   -1.3850   -1.3850
  575.0000    1.3326    1.3326   -1.4362   -1.4362
  576.0000    0.8794    0.8937   -1.5293   -1.5337
  577.0000    0.5739    0.5739   -1.7010   -1.7010
  578.0000    0.4885    0.4885   -1.9078   -1.9078
  579.0000    0.3007    0.3007   -2.1527   -2.1527
  580.0000    0.0223    0.0848   -2.1610   -2.1479
  581.0000   -0.0775   -0.0775   -1.8699   -1.8699
  582.0000   -0.1374   -0.1374   -1.4828   -1.4828
  583.0000   -0.0331   -0.0331   -1.3444   -1.3444
  584.0000    0.2650    0.2650   -1.1673   -1.1673
  585.0000    0.5962    0.5962   -0.6846   -0.6846
  586.0000    0.7466    0.7466   -0.1369   -0.1369
  587.0000    0.9583    0.9583    0.4777    0.4777
  588.0000    1.4502    1.4502    1.0450    1.0450
  589.0000    1.8902    1.8902    1.0900    1.0900
  590.0000    1.8289    1.7732    0.8374    0.7632
  591.0000    1.3044    1.3044    0.3833    0.3833
  592.0000    0.8821    0.8821    0.2093    0.2093
  593.0000    0.7136    0.7136    0.1919    0.1919
  594.0000    0.4374    0.4374   -0.0345   -0.0345
  595.0000    0.3025    0.3025   -0.4032   -0.4032
  596.0000    0.6886    0.6886   -0.4978   -0.4978
  597.0000    1.3438    1.3438   -0.6189   -0.6189
  598.0000    1.9949    1.9949   -0.7383   -0.7383
  599.0000    2.0739    2.0739   -0.6020   -0.6020
  600.0000    1.7537    1.7537   -0.4682   -0.4682
  601.0000    1.0985    1.0985   -0.3447   -0.3447
  602.0000    0.4885    0.4885   -0.2134   -0.2134
  603.0000    0.1688    0.1688    0.0286    0.0286
  604.0000    0.0721    0.0721    0.1536    0.1536
  605.0000    0.1755    0.1755    0.2425    0.2425
  606.0000    0.0857    0.0857    0.1397    0.1397
  607.0000   -0.1698   -0.1698    0.1706    0.1706
  608.0000   -0.3599   -0.3599    0.0639    0.0639
  609.0000   -0.4372   -0.4372    0.0534    0.0534
  610.0000   -0.8203   -0.8203    0.1491    0.1491
  611.0000   -1.4607   -1.4607   -0.1166   -0.1166
  612.0000   -1.8064   -1.8064   -0.4669   -0.4669
  613.0000   -1.5825   -1.5825   -0.7360   -0.7360
  614.0000   -0.8714   -0.8714   -0.9274   -0.9274
  615.0000   -0.2657   -0.2657   -1.0326   -1.0326
  616.0000   -0.2160   -0.2160   -0.9594   -0.9594
  617.0000   -0.4747   -0.4747   -0.4986   -0.4986
  618.0000   -0.5389   -0.5389    0.0050    0.0050
  619.0000   -0.4021   -0.4021    0.2485    0.2485
  620.0000   -0.1146   -0.1146    0.3543    0.3543
  621.0000    0.4517    0.4517    0.1794    0.1794
  622.0000    0.7880    0.7880   -0.1426   -0.1426
  623.0000    0.6666    0.6666   -0.4899   -0.4899
  624.0000    0.1028    0.1028   -0.4416   -0.4416
  625.0000   -0.3894   -0.3894   -0.2015   -0.2015
  626.0000   -0.5800   -0.5800    0.1479    0.1479
  627.0000   -0.6142   -0.6142    0.4941    0.4941
  628.0000   -1.0128   -1.0128    0.7119    0.7119
  629.0000   -1.3760   -1.3760    0.5717    0.5717
  630.0000   -1.5669   -1.5669    0.6020    0.6020
  631.0000   -1.9231   -1.9231    0.6787    0.6787
  632.0000   -2.0160   -2.0160    0.7807    0.7807
  633.0000   -2.0126   -2.0126    0.8933    0.8933
  634.0000   -1.9098   -1.9098    0.8705    0.8705
  635.0000   -1.6001   -1.6001    0.6284    0.6284
  636.0000   -1.4183   -1.4183    0.3861    0.3861
  637.0000   -1.3626   -1.3626    0.2406    0.2406
  638.0000   -1.3521   -1.3521    0.0860    0.0860
  639.0000   -1.2390   -1.2130    0.1135    0.0964
  640.0000   -1.1023   -1.1023    0.0915    0.0915
  641.0000   -1.2241   -1.2241    0.0033    0.0033
  642.0000   -1.5370   -1.5370    0.3143    0.3143
  643.0000   -1.7638   -1.7638    0.5286    0.5286
  644.0000   -1.7236   -1.7236    0.7173    0.7173
  645.0000   -1.6169   -1.6169    0.7192    0.7192
  646.0000   -1.5933   -1.5933    0.5321    0.5321
  647.0000   -1.6559   -1.6559    0.5595    0.5595
  648.0000   -1.5489   -1.5489    0.7669    0.7669
  649.0000   -1.3649   -1.3649    0.9273    0.9273
  650.0000   -0.6367   -0.6367    1.0991    1.0991
  651.0000   -0.2325   -0.2325    1.1731    1.1731
  652.0000   -0.0431   -0.0431    1.3223    1.3223
  653.0000   -0.0026   -0.0026    1.2897    1.2897
  654.0000    0.1077    0.1711    0.9080    0.9398
  655.0000    0.3512    0.3512    0.5720    0.5720
  656.0000    0.3349    0.3706    0.5784    0.4791
  657.0000    0.4337    0.4337    0.5374    0.5374
  658.0000    0.7629    0.7629    0.4718    0.4718
  659.0000    1.2368    1.2368    0.0172    0.0172
  660.0000    1.5312    1.5312   -0.4275   -0.4275
  661.0000    1.5028    1.5028   -0.5674   -0.5674
  662.0000    1.1432    1.1432   -0.3112   -0.3112
  663.0000    0.7933    0.7933   -0.2295   -0.2295
  664.0000    0.5943    0.5943   -0.0849   -0.0849
  665.0000    0.4406    0.4406   -0.0147   -0.0147
  666.0000    0.5110    0.5110    0.2243    0.2243
  667.0000    0.8546    0.8546    0.4275    0.4275
  668.0000    1.0432    1.0432    0.4276    0.4276
  669.0000    0.8612    0.8612    0.3748    0.3748
  670.0000    0.6754    0.6754    0.1993    0.1993
  671.0000    0.3544    0.3544    0.1289    0.1289
  672.0000    0.0566    0.0566    0.1392    0.1392
  673.0000   -0.1912   -0.1912    0.1300    0.1300
  674.0000   -0.1861   -0.1861    0.0980    0.0980
  675.0000    0.0055    0.0055    0.2841    0.2841
  676.0000    0.2658    0.2658    0.2990    0.2990
  677.0000    0.4208    0.4208    0.2864    0.2864
  678.0000    0.4649    0.4649    0.2013    0.2013
  679.0000    0.4269    0.4269    0.1047    0.1047
  680.0000    0.5331    0.5331   -0.1010   -0.1010
  681.0000    1.0165    1.0165   -0.1236   -0.1236
  682.0000    1.3958    1.3958   -0.2569   -0.2569
  683.0000    1.5282    1.5282   -0.4557   -0.4557
  684.0000    1.3954    1.3954   -0.7274   -0.7274
  685.0000    1.2091    1.2091   -0.9177   -0.9177
  686.0000    0.8864    0.9374   -0.9706   -0.9157
  687.0000    0.7155    0.7155   -0.8200   -0.8200
  688.0000    0.6823    0.6823   -0.7396   -0.7396
  689.0000    0.8003    0.8003   -0.6744   -0.6744
  690.0000    1.1079    1.1079   -0.7720   -0.7720
  691.0000    1.1761    1.1761   -1.1961   -1.1961
  692.0000    0.7980    0.7980   -1.7642   -1.7642
  693.0000   -0.0084   -0.0084   -1.8220   -1.8220
  694.0000   -0.7975   -0.7975   -1.6924   -1.6924
  695.0000   -1.0900   -1.0900   -1.5162   -1.5162
  696.0000   -1.2143   -1.2143   -1.2739   -1.2739
  697.0000   -1.2826   -1.2932   -0.9445   -0.9077
  698.0000   -1.3604   -1.3604   -0.7445   -0.7445
  699.0000   -1.4003   -1.4003   -1.0083   -1.0083
  700.0000   -1.2359   -1.2359   -1.2203   -1.2203
  701.0000   -0.9767   -0.9767   -1.1703   -1.1703
  702.0000   -0.9911   -0.9911   -0.7829   -0.7829
  703.0000   -1.0032   -1.0032   -0.4468   -0.4468
  704.0000   -1.0947   -1.0947   -0.1752   -0.1752
  705.0000   -1.3231   -1.3231    0.0255    0.0255
  706.0000   -1.4188   -1.4188    0.1528    0.1528
  707.0000   -1.2207   -1.2207    0.1639    0.1639
  708.0000   -0.9012   -0.9012    0.4842    0.4842
  709.0000   -0.9318   -0.9318    0.9498    0.9498
  710.0000   -1.2528   -1.2528    1.4178    1.4178
  711.0000   -1.8413   -1.8413    1.5631    1.5631
  712.0000   -2.0647   -2.0647    1.2542    1.2542
  713.0000   -1.8546   -1.8546    1.0866    1.0866
  714.0000   -1.4650   -1.4650    0.9955    0.9955
  715.0000   -1.3344   -1.3344    0.6115    0.6115
  716.0000   -1.2533   -1.2533    0.0481    0.0481
  717.0000   -1.0684   -1.0684   -0.3111   -0.3111
  718.0000   -0.9513   -0.9513   -0.3658   -0.3658
  719.0000   -0.7458   -0.7458   -0.3161   -0.3161
  720.0000   -0.8367   -0.8367   -0.2498   -0.2498
  721.0000   -0.9330   -0.9330   -0.1885   -0.1885
  722.0000   -0.9621   -0.9621   -0.1747   -0.1747
  723.0000   -0.8605   -0.8605   -0.2780   -0.2780
  724.0000   -0.7274   -0.7591   -0.1483   -0.2186
  725.0000   -0.7458   -0.7458   -0.0992   -0.0992
  726.0000   -0.7829   -0.7829   -0.0767   -0.0767
  727.0000   -0.5801   -0.5801   -0.0436   -0.0436
  728.0000   -0.2273   -0.2273    0.0556    0.0556
  729.0000    0.2545    0.2545    0.1742    0.1742
  730.0000    0.5882    0.5882    0.2413    0.2413
  731.0000    0.8631    0.8631    0.4847    0.4847
  732.0000    1.0931    1.0931    0.8587    0.8587
  733.0000    1.1024    1.1024    1.2881    1.2881
  734.0000    0.9700    0.9700    1.6437    1.6437
  735.0000    0.5156    0.5156    2.0436    2.0436
  736.0000    0.1144    0.1144    2.2749    2.2749
  737.0000   -0.1026   -0.1026    2.1082    2.1082
  738.0000   -0.2466   -0.2466    1.9010    1.9010
  739.0000   -0.1512   -0.1512    1.8150    1.8150
  740.0000    0.0622    0.0622    1.5935    1.5935
  741.0000    0.5663    0.5663    1.3395    1.3395
  742.0000    0.7657    0.7657    1.0649    1.0649
  743.0000    0.7719    0.7719    0.7049    0.7049
  744.0000    0.7881    0.7881    0.3314    0.3314
  745.0000    0.7155    0.7155   -0.0206   -0.0206
  746.0000    0.5723    0.5723   -0.3116   -0.3116
  747.0000    0.5803    0.5803   -0.6370   -0.6370
  748.0000    0.9341    0.9341   -0.7673   -0.7673
  749.0000    1.1161    1.1161   -0.9994   -0.9994
  750.0000    0.8844    0.8844   -1.3056   -1.3056
  751.0000    0.9347    0.9347   -1.5400   -1.5400
  752.0000    1.1283    1.1283   -1.4454   -1.4454
  753.0000    0.9423    0.9423   -1.1477   -1.1477
  754.0000    0.4274    0.4274   -0.7074   -0.7074
  755.0000    0.0416    0.0416   -0.6652   -0.6652
  756.0000    0.1314    0.1314   -0.7083   -0.7083
  757.0000    0.2061    0.2061   -0.9323   -0.9323
  758.0000    0.1898    0.1898   -0.8904   -0.8904
  759.0000   -0.0494   -0.0494   -0.3752   -0.3752
  760.0000   -0.3554   -0.3554    0.1223    0.1223
  761.0000   -0.4500   -0.4500    0.3913    0.3913
  762.0000   -0.1552   -0.1552    0.6467    0.6467
  763.0000    0.2885    0.2885    0.5864    0.5864
  764.0000    0.8162    0.8162    0.1545    0.1545
  765.0000    1.4170    1.4170   -0.2977   -0.2977
  766.0000    1.6218    1.6218   -0.3371   -0.3371
  767.0000    1.5331    1.5331   -0.0778   -0.0778
  768.0000    1.3434    1.3434    0.4140    0.4140
  769.0000    1.1349    1.1349    0.8532    0.8532
  770.0000    0.6963    0.6963    1.2127    1.2127
  771.0000    0.4460    0.4460    1.1429    1.1429
  772.0000    0.0816    0.0816    1.0319    1.0319
  773.0000   -0.1798   -0.1798    0.8110    0.8110
  774.0000   -0.4693   -0.4693    0.6031    0.6031
  775.0000   -0.3189   -0.3189    0.4864    0.4864
  776.0000    0.1242    0.1242    0.2547    0.2547
  777.0000    0.3683    0.3683   -0.1377   -0.1377
  778.0000    0.5112    0.5112   -0.4590   -0.4590
  779.0000    0.3434    0.3434   -0.3196   -0.3196
  780.0000    0.1498    0.1498   -0.2538   -0.2538
  781.0000   -0.2195   -0.2195   -0.0305   -0.0305
  782.0000   -0.6484   -0.6484    0.1242    0.1242
  783.0000   -0.5238   -0.5238    0.1241    0.1241
  784.0000   -0.1044   -0.1044    0.0071    0.0071
  785.0000    0.5247    0.5247   -0.1698   -0.1698
  786.0000    0.9953    0.9953   -0.0807   -0.0807
  787.0000    1.0624    1.0624    0.2427    0.2427
  788.0000    0.9434    0.9434    0.7287    0.7287
  789.0000    1.0372    1.0372    1.2366    1.2366
  790.0000    1.0684    1.0684    1.5126    1.5126
  791.0000    1.2095    1.2095    1.4055    1.4055
  792.0000    1.5725    1.4703    1.1296    1.0352
  793.0000    1.6562    1.6562    0.6813    0.6813
  794.0000    1.5788    1.5788    0.5522    0.5522
  795.0000    1.2406    1.2171    0.4754    0.5100
  796.0000    0.8446    0.6657    0.5010    0.4897
  797.0000    0.0386    0.0386    0.4689    0.4689
  798.0000   -0.4687   -0.4687    0.3921    0.3921
  799.0000   -0.3690   -0.3690    0.1072    0.1072
  800.0000    0.4401    0.4401   -0.4315   -0.4315
  801.0000    0.9908    0.9792   -1.2136   -1.1987
  802.0000    1.0538    1.0538   -2.0353   -2.0353
  803.0000    0.7984    0.7984   -2.7413   -2.7413
  804.0000    0.4942    0.4942   -3.1059   -3.1059
  805.0000    0.2749    0.2749   -3.0117   -3.0117
  806.0000    0.1361    0.1361   -2.4481   -2.4481
  807.0000   -0.2404   -0.2404   -1.4113   -1.4113
  808.0000   -0.5406   -0.5406   -0.2026   -0.2026
  809.0000   -0.4233   -0.4233    0.7823    0.7823
  810.0000   -0.1101   -0.1101    1.3417    1.3417
  811.0000   -0.1043   -0.1043    1.5203    1.5203
  812.0000   -0.2564   -0.2564    1.5553    1.5553
  813.0000   -0.2687   -0.2506    1.5551    1.5119
  814.0000   -0.0479   -0.0479    1.4023    1.4023
  815.0000    0.2105    0.2594    1.3822    1.2500
  816.0000    0.3450    0.3450    1.1208    1.1208
  817.0000    0.0291    0.0291    1.0120    1.0120
  818.0000   -0.2092   -0.2092    0.7469    0.7469
  819.0000   -0.3572   -0.3572    0.5407    0.5407
  820.0000   -0.5622   -0.5622    0.4241    0.4241
  821.0000   -0.5965   -0.6602    0.3280    0.4543
  822.0000   -0.4282   -0.6373    0.4390    0.5934
  823.0000   -0.4433   -0.5418    0.7271    0.7704
  824.0000   -0.4223   -0.4223    0.9145    0.9145
  825.0000   -0.3110   -0.3110    0.8580    0.8580
  826.0000   -0.2397   -0.2397    0.3201    0.3201
  827.0000   -0.3845   -0.3845   -0.1626   -0.1626
  828.0000   -0.6031   -0.6031   -0.4207   -0.4207
  829.0000   -0.7534   -0.7534   -0.3688   -0.3688
  830.0000   -0.9815   -0.9815   -0.3731   -0.3731
  831.0000   -1.2388   -1.2388   -0.2807   -0.2807
  832.0000   -1.1932   -1.1932   -0.0223   -0.0223
  833.0000   -0.8709   -0.8709    0.3395    0.3395
  834.0000   -0.7869   -0.7869    0.6675    0.6675
  835.0000   -0.9838   -0.9838    0.7607    0.7607
  836.0000   -0.9915   -0.9915    0.6704    0.6704
  837.0000   -1.0354   -1.0354    0.5317    0.5317
  838.0000   -0.8222   -0.8222    0.5267    0.5267
  839.0000   -0.6402   -0.6402    0.4757    0.4757
  840.0000   -0.4265   -0.4265    0.4820    0.4820
  841.0000   -0.0181   -0.0181    0.5030    0.5030
  842.0000    0.3562    0.3562    0.6213    0.6213
  843.0000    0.5226    0.5226    0.7003    0.7003
  844.0000    0.5574    0.5574    0.4651    0.4651
  845.0000    0.4066    0.4066    0.1310    0.1310
  846.0000   -0.1445   -0.1445   -0.1846   -0.1846
  847.0000   -0.8312   -0.7195   -0.3561   -0.3668
  848.0000   -1.3157   -1.2009   -0.4897   -0.4517
  849.0000   -1.5853   -1.5853   -0.5204   -0.5204
  850.0000   -1.8067   -1.8067   -0.6032   -0.6032
  851.0000   -1.7109   -1.7109   -0.6382   -0.6382
  852.0000   -1.6281   -1.6281   -0.8673   -0.8673
  853.0000   -1.5623   -1.5623   -1.2658   -1.2658
  854.0000   -1.1895   -1.1895   -1.6840   -1.6840
  855.0000   -0.6208   -0.6208   -2.0864   -2.0864
  856.0000   -0.2643   -0.2643   -2.3647   -2.3647
  857.0000   -0.1850   -0.1850   -2.3348   -2.3348
  858.0000   -0.0638   -0.0638   -2.3627   -2.3627
  859.0000   -0.1192   -0.1192   -2.3461   -2.3461
  860.0000    0.0922    0.0922   -1.8789   -1.8789
  861.0000    0.3027    0.3027   -1.4676   -1.4676
  862.0000    0.6692    0.6692   -1.1148   -1.1148
  863.0000    1.0642    1.0642   -1.0873   -1.0873
  864.0000    1.2281    1.1352   -0.9111   -1.0166
  865.0000    0.8715    0.8715   -0.7579   -0.7579
  866.0000    0.4773    0.4773   -0.3106   -0.3106
  867.0000    0.4515    0.4515    0.2004    0.2004
  868.0000    0.6690    0.6690    0.6169    0.6169
  869.0000    0.7459    0.7459    0.9257    0.9257
  870.0000    0.7903    0.7903    1.1584    1.1584
  871.0000    0.7360    0.7360    1.1518    1.1518
  872.0000    0.6454    0.6454    1.2194    1.2194
  873.0000    0.9414    0.9414    1.2148    1.2148
  874.0000    1.0637    1.0637    1.1827    1.1827
  875.0000    0.9996    0.9996    1.1417    1.1417
  876.0000    0.7490    0.7490    1.0502    1.0502
  877.0000    0.6111    0.6111    0.6557    0.6557
  878.0000    0.5858    0.5858    0.2860    0.2860
  879.0000    0.8187    0.8187    0.0701    0.0701
  880.0000    1.0110    1.0110    0.0277    0.0277
  881.0000    0.9500    0.9500    0.1227    0.1227
  882.0000    0.8772    0.8772    0.3945    0.3945
  883.0000    0.9201    0.9201    0.5205    0.5205
  884.0000    1.0833    1.0833    0.3956    0.3956
  885.0000    1.1210    1.1210    0.4233    0.4233
  886.0000    0.9938    0.9938    0.6440    0.6440
  887.0000    0.7798    0.7798    0.9604    0.9604
  888.0000    0.4533    0.4533    1.3077    1.3077
  889.0000    0.4926    0.4926    1.4544    1.4544
  890.0000    0.7310    0.7310    1.0183    1.0183
  891.0000    1.0905    1.0905    0.6909    0.6909
  892.0000    1.3276    1.3276    0.4614    0.4614
  893.0000    1.2220    1.2220    0.0482    0.0482
  894.0000    0.9534    0.9534   -0.3744   -0.3744
  895.0000    0.7151    0.8199   -0.4406   -0.5063
  896.0000    0.7122    0.7122   -0.5737   -0.5737
  897.0000    0.4762    0.4762   -0.7949   -0.7949
  898.0000    0.1364    0.1364   -0.9686   -0.9686
  899.0000   -0.4137   -0.4137   -1.2623   -1.2623
  900.0000   -0.9029   -0.9029   -1.3640   -1.3640
  901.0000   -1.1797   -1.1797   -1.2647   -1.2647
  902.0000   -1.1917   -1.1917   -1.0245   -1.0245
  903.0000   -1.1108   -1.1108   -0.7761   -0.7761
  904.0000   -1.0115   -1.0115   -0.5248   -0.5248
  905.0000   -0.8321   -0.8321   -0.3699   -0.3699
  906.0000   -0.5524   -0.5524    0.0061    0.0061
  907.0000   -0.4480   -0.4480    0.1767    0.1767
  908.0000   -0.5446   -0.5446    0.3493    0.3493
  909.0000   -0.8187   -0.8187    0.6395    0.6395
  910.0000   -1.1624   -1.1624    0.7882    0.7882
  911.0000   -1.7326   -1.7326    0.6813    0.6813
  912.0000   -2.2379   -2.2379    0.5016    0.5016
  913.0000   -2.0446   -2.0446    0.2739    0.2739
  914.0000   -1.4246   -1.4246    0.1009    0.1009
  915.0000   -0.9207   -0.9491   -0.1455   -0.0665
  916.0000   -0.6452   -0.6452   -0.3245   -0.3245
  917.0000   -0.4526   -0.4526   -0.6916   -0.6916
  918.0000   -0.4371   -0.4371   -0.8978   -0.8978
  919.0000   -0.3972   -0.3972   -0.8068   -0.8068
  920.0000   -0.4852   -0.4852   -0.7297   -0.7297
  921.0000   -0.5167   -0.5167   -0.7188   -0.7188
  922.0000   -0.5104   -0.5104   -0.7238   -0.7238
  923.0000   -0.4202   -0.4202   -0.6561   -0.6561
  924.0000   -0.1211   -0.1211   -0.4748   -0.4748
  925.0000   -0.0130   -0.0130   -0.3074   -0.3074
  926.0000   -0.1040   -0.1040   -0.2421   -0.2421
  927.0000   -0.1049   -0.1049    0.0184    0.0184
  928.0000   -0.1805   -0.1805    0.1312    0.1312
  929.0000   -0.4588   -0.4588    0.1449    0.1449
  930.0000   -0.9151   -0.9151    0.1220    0.1220
  931.0000   -1.0522   -1.0522    0.2523    0.2523
  932.0000   -0.7273   -0.7273    0.5595    0.5595
  933.0000   -0.2549   -0.2549    0.7488    0.7488
  934.0000    0.1913    0.1913    0.8083    0.8083
  935.0000    0.2378    0.2378    0.6732    0.6732
  936.0000    0.1358    0.1358    0.7786    0.7786
  937.0000    0.0334    0.0334    0.9715    0.9715
  938.0000    0.1940    0.1940    1.4095    1.4095
  939.0000    0.4067    0.4067    1.7231    1.7231
  940.0000    0.4126    0.4126    1.7979    1.7979
  941.0000    0.1750    0.1750    1.8046    1.8046
  942.0000   -0.1771   -0.1771    1.6509    1.6509
  943.0000   -0.2338   -0.2338    1.4034    1.4034
  944.0000    0.3403    0.3403    1.3558    1.3558
  945.0000    1.0968    1.0968    1.0298    1.0298
  946.0000    1.5161    1.5161    0.6207    0.6207
  947.0000    1.6611    1.6611    0.1656    0.1656
  948.0000    1.6292    1.6292   -0.3673   -0.3673
  949.0000    1.5141    1.5141   -0.5084   -0.5084
  950.0000    1.4237    1.4237   -0.5108   -0.5108
  951.0000    1.1278    1.1278   -0.4722   -0.4722
  952.0000    0.7619    0.7619   -0.6101   -0.6101
  953.0000    0.3423    0.3423   -0.8012   -0.8012
  954.0000    0.1062    0.1062   -0.9129   -0.9129
  955.0000   -0.1148   -0.1423   -1.1676   -1.1619
  956.0000   -0.3975   -0.3975   -1.4445   -1.4445
  957.0000   -0.6087   -0.6087   -1.6109   -1.6109
  958.0000   -0.7632   -0.7632   -1.6113   -1.6113
  959.0000   -0.4988   -0.4988   -1.1518   -1.1518
  960.0000   -0.1045   -0.1045   -0.7576   -0.7576
  961.0000   -0.1149   -0.1149   -0.4995   -0.4995
  962.0000   -0.4331   -0.4331   -0.6239   -0.6239
  963.0000   -0.6084   -0.6084   -0.7723   -0.7723
  964.0000   -0.5064   -0.5064   -0.7292   -0.7292
  965.0000   -0.1245   -0.1245   -0.5888   -0.5888
  966.0000    0.1563    0.1563   -0.3594   -0.3594
  967.0000    0.2119    0.2119   -0.1733   -0.1733
  968.0000    0.3043    0.3043   -0.2062   -0.2062
  969.0000    0.5166    0.5166   -0.4941   -0.4941
  970.0000    0.7584    0.7584   -0.7471   -0.7471
  971.0000    1.0204    1.0204   -0.8484   -0.8484
  972.0000    1.2932    1.2932   -0.7529   -0.7529
  973.0000    1.4502    1.4502   -0.3985   -0.3985
  974.0000    1.4900    1.4900   -0.0013   -0.0013
  975.0000    1.2925    1.2925    0.2322    0.2322
  976.0000    0.9715    0.9715    0.4118    0.4118
  977.0000    0.5187    0.5187    0.3421    0.3421
  978.0000    0.1514    0.1514    0.0599    0.0599
  979.0000   -0.1641   -0.1641   -0.4613   -0.4613
  980.0000   -0.3407   -0.3407   -0.8408   -0.8408
  981.0000   -0.3855   -0.3525   -1.2370   -1.1509
  982.0000   -0.3444   -0.3444   -1.3412   -1.3412
  983.0000   -0.3754   -0.3754   -1.3141   -1.3141
  984.0000   -0.1675   -0.1675   -0.9783   -0.9783
  985.0000    0.1329    0.1329   -0.1496   -0.1496
  986.0000    0.4268    0.4268    0.5484    0.5484
  987.0000    0.5185    0.5185    1.0558    1.0558
  988.0000    0.6087    0.6087    1.0586    1.0586
  989.0000    0.6967    0.6967    0.8489    0.8489
  990.0000    0.7210    0.7210    0.6714    0.6714
  991.0000    0.5864    0.5864    0.3284    0.3284
  992.0000    0.3662    0.3662   -0.0936   -0.0936
  993.0000   -0.2059   -0.2059   -0.1329   -0.1329
  994.0000   -0.8870   -0.8870    0.0724    0.0724
  995.0000   -1.2781   -1.2781    0.0362    0.0362
  996.0000   -1.5621   -1.5621   -0.2367   -0.2367
  997.0000   -1.4919   -1.4919   -0.5459   -0.5459
  998.0000   -1.2764   -1.2764   -0.6511   -0.6511
  999.0000   -1.0303   -1.0303   -0.5637   -0.5637
 1000.0000   -0.6391   -0.6391   -0.2226   -0.2226
 1001.0000   -0.5153   -0.5153   -0.0032   -0.0032
 1002.0000   -0.5702   -0.5702   -0.0127   -0.0127
 1003.0000   -0.6526   -0.6526   -0.0989   -0.0989
 1004.0000   -0.6453   -0.6453   -0.3992   -0.3992
 1005.0000   -0.4211   -0.4211   -0.5257   -0.5257
 1006.0000   -0.1545   -0.1545   -0.1658   -0.1658
 1007.0000    0.1298    0.1298    0.0727    0.0727
 1008.0000    0.2081    0.2081    0.6114    0.6114
 1009.0000   -0.0152   -0.0152    1.1424    1.1424
 1010.0000   -0.0882   -0.0882    1.1893    1.1893
 1011.0000   -0.3520   -0.3520    1.1239    1.1239
 1012.0000   -0.6665   -0.6665    1.0453    1.0453
 1013.0000   -0.6545   -0.6545    1.0725    1.0725
 1014.0000   -0.7235   -0.7235    1.2328    1.2328
 1015.0000   -0.7170   -0.7170    1.1815    1.1815
 1016.0000   -0.4342   -0.3893    1.1110    1.1926
 1017.0000   -0.0007   -0.0007    1.2276    1.2276
 1018.0000    0.1340    0.1340    1.1483    1.1483
 1019.0000    0.0566    0.0566    0.9562    0.9562
 1020.0000    0.0107    0.0107    0.7329    0.7329
 1021.0000   -0.1081   -0.1081    0.6163    0.6163
 1022.0000   -0.1374   -0.1374    0.4205    0.4205
 1023.0000   -0.1571   -0.1571    0.0718    0.0718
