    0.0000    0.3964    0.3964    1.2245    1.2245
    1.0000    0.7817    0.7817    1.0375    1.0375
    2.0000    1.4153    1.4153    0.8768    0.8768
    3.0000    1.6865    1.6865    0.7842    0.7842
    4.0000    1.6220    1.6220    1.0018    1.0018
    5.0000    1.4107    1.4107    0.9176    0.9176
    6.0000    1.1870    1.1870    0.6676    0.6676
    7.0000    0.9004    0.9004    0.6244    0.6244
    8.0000    0.7727    0.7727    0.6454    0.6454
    9.0000    0.6660    0.6660    0.7272    0.7272
   10.0000    0.7442    0.7442    1.2346    1.2346
   11.0000    0.9492    0.9492    1.8705    1.8705
   12.0000    1.4001    1.4001    2.4814    2.4814
   13.0000    1.4228    1.4228    2.7064    2.7064
   14.0000    1.0256    1.0256    2.4860    2.4860
   15.0000    0.7534    0.7534    1.9822    1.9822
   16.0000    0.8058    0.8058    1.6767    1.6767
   17.0000    1.0942    1.0942    1.6727    1.6727
   18.0000    1.5922    1.5922    1.7486    1.7486
   19.0000    1.7774    1.7774    1.5862    1.5862
   20.0000    1.7407    1.7407    1.2615    1.2615
   21.0000    1.5001    1.5001    1.1697    1.1697
   22.0000    1.4988    1.4988    0.8577    0.8577
   23.0000    1.5792    1.5792    0.2522    0.2522
   24.0000    1.4037    1.4037   -0.5097   -0.5097
   25.0000    0.7703    0.7512   -1.0885   -1.1290
   26.0000    0.1021    0.1021   -1.4854   -1.4854
   27.0000   -0.0955   -0.0955   -1.5414   -1.5414
   28.0000   -0.1579   -0.1579   -1.3947   -1.3947
   29.0000   -0.2421   -0.2421   -1.2159   -1.2159
   30.0000   -0.3310   -0.3310   -0.8524   -0.8524
   31.0000   -0.5082   -0.5082   -0.3801   -0.3801
   32.0000   -0.7350   -0.7350   -0.3442   -0.3442
   33.0000   -0.7967   -0.7967   -0.4594   -0.4594
   34.0000   -1.0603   -1.0603   -0.6157   -0.6157
   35.0000   -1.0801   -1.0801   -0.9372   -0.9372
   36.0000   -0.7499   -0.7499   -1.2121   -1.2121
   37.0000   -0.1434   -0.1434   -1.5355   -1.5355
   38.0000    0.3582    0.3582   -1.6572   -1.6572
   39.0000    0.7512    0.7512   -1.4193   -1.4193
   40.0000    0.7118    0.7118   -1.2150   -1.2150
   41.0000    0.6358    0.6358   -1.1968   -1.1968
   42.0000    0.2876    0.2876   -1.1261   -1.1261
   43.0000   -0.0267   -0.0267   -1.1064   -1.1064
   44.0000   -0.1277   -0.1277   -1.2060   -1.2060
   45.0000   -0.0961   -0.0961   -0.9243   -0.9243
   46.0000    0.0257    0.0257   -0.5687   -0.5687
   47.0000   -0.0508   -0.0508   -0.2956   -0.2956
   48.0000   -0.1892   -0.1892   -0.1645   -0.1645
   49.0000   -0.4747   -0.4747    0.0988    0.0988
   50.0000   -0.6766   -0.6766    0.2720    0.2720
   51.0000   -0.5861   -0.5861    0.6473    0.6473
   52.0000   -0.2644   -0.2644    1.3057    1.3057
   53.0000   -0.0094   -0.0094    1.6818    1.6818
   54.0000    0.4131    0.4131    1.8786    1.8786
   55.0000    0.8616    0.8616    1.7464    1.7464
   56.0000    0.8138    0.8138    1.3792    1.3792
   57.0000    0.2354    0.2354    0.7699    0.7699
   58.0000   -0.5290   -0.5290    0.4509    0.4509
   59.0000   -0.9911   -0.9911    0.2448    0.2448
   60.0000   -1.0150   -1.0150    0.1952    0.1952
   61.0000   -0.8451   -0.8451    0.1393    0.1393
   62.0000   -0.9333   -0.9333   -0.0742   -0.0742
   63.0000   -0.9584   -0.9584   -0.0211   -0.0211
   64.0000   -0.8018   -0.8018    0.2999    0.2999
   65.0000   -0.6314   -0.6533    0.7896    0.6977
   66.0000   -0.3389   -0.3389    0.9294    0.9294
   67.0000    0.1946    0.1946    0.9146    0.9146
   68.0000    0.3756    0.3756    1.0709    1.0709
   69.0000    0.4064    0.4064    1.2476    1.2476
   70.0000    0.1143    0.1143    1.3193    1.3193
   71.0000   -0.2794   -0.2794    1.2241    1.2241
   72.0000   -0.5725   -0.5725    0.7793    0.7793
   73.0000   -0.6359   -0.6359    0.1157    0.1157
   74.0000   -0.5517   -0.5517   -0.5446   -0.5446
   75.0000   -0.6955   -0.6915   -0.9397   -0.8523
   76.0000   -0.7907   -0.7907   -0.7946   -0.7946
   77.0000   -0.5855   -0.5855   -0.4874   -0.4874
   78.0000   -0.4492   -0.4492   -0.1492   -0.1492
   79.0000   -0.4537   -0.4537    0.0427    0.0427
   80.0000   -0.4864   -0.4864    0.0162    0.0162
   81.0000   -0.5947   -0.5947   -0.1109   -0.1109
   82.0000   -0.5844   -0.6410   -0.3134   -0.4343
   83.0000   -0.5796   -0.6482   -0.6318   -0.8428
   84.0000   -0.6985   -0.6985   -1.1512   -1.1512
   85.0000   -0.8115   -0.8115   -1.2509   -1.2509
   86.0000   -0.8440   -0.8440   -1.2990   -1.2990
   87.0000   -0.8831   -0.8831   -1.3641   -1.3641
   88.0000   -0.9075   -0.9075   -1.3938   -1.3938
   89.0000   -0.9913   -0.9913   -1.1919   -1.1919
   90.0000   -1.0731   -1.0731   -1.0157   -1.0157
   91.0000   -0.9638   -0.9638   -0.8299   -0.8299
   92.0000   -0.7213   -0.7213   -0.4457   -0.4457
   93.0000   -0.4330   -0.4330    0.1374    0.1374
   94.0000   -0.1138   -0.1138    0.4908    0.4908
   95.0000    0.2866    0.2866    0.6315    0.6315
   96.0000    0.8863    0.8863    0.4011    0.4011
   97.0000    1.1794    1.1794   -0.0464   -0.0464
   98.0000    1.3606    1.3606   -0.8337   -0.8337
   99.0000    1.3611    1.3611   -1.6532   -1.6532
  100.0000    1.3150    1.3150   -1.5709   -1.5709
  101.0000    1.1177    1.1177   -0.9731   -0.9731
  102.0000    0.7176    0.7176   -0.4924   -0.4924
  103.0000    0.1600    0.1600   -0.3664   -0.3664
  104.0000   -0.4385   -0.4385   -0.4096   -0.4096
  105.0000   -0.9855   -0.9855   -0.6659   -0.6659
  106.0000   -1.1193   -1.1912   -0.3643   -0.3941
  107.0000   -1.0759   -1.0759    0.0306    0.0306
  108.0000   -0.7936   -0.7936    0.1067    0.1067
  109.0000   -0.5726   -0.5726    0.1120    0.1120
  110.0000   -0.4118   -0.4118    0.0026    0.0026
  111.0000   -0.2907   -0.2907   -0.1309   -0.1309
  112.0000   -0.2816   -0.2816   -0.1672   -0.1672
  113.0000   -0.3797   -0.3797    0.1167    0.1167
  114.0000   -0.5906   -0.5906    0.2270    0.2270
  115.0000   -0.7972   -0.7972    0.3707    0.3707
  116.0000   -0.9375   -0.9375    0.3681    0.3681
  117.0000   -0.9249   -0.9249    0.4942    0.4942
  118.0000   -0.8201   -0.8201    0.2750    0.2750
  119.0000   -0.4838   -0.4838   -0.0654   -0.0654
  120.0000   -0.1644   -0.1644   -0.3437   -0.3437
  121.0000    0.1317    0.1317   -0.7005   -0.7005
  122.0000    0.4095    0.4095   -0.8142   -0.8142
  123.0000    0.6152    0.6152   -0.7523   -0.7523
  124.0000    0.6782    0.6782   -0.5055   -0.5055
  125.0000    0.8611    0.8611   -0.1510   -0.1510
  126.0000    1.0622    0.9494    0.1833    0.1971
  127.0000    0.9661    0.9661    0.3434    0.3434
  128.0000    1.0416    1.0416    0.2240    0.2240
  129.0000    1.2516    1.2516    0.1408    0.1408
  130.0000    1.4995    1.4995   -0.1336   -0.1336
  131.0000    1.8814    1.8814   -0.1208   -0.1208
  132.0000    2.2150    2.2150    0.0224    0.0224
  133.0000    2.0853    2.0853    0.3926    0.3926
  134.0000    1.6161    1.6161    0.7156    0.7156
  135.0000    0.9487    0.9487    0.6211    0.6211
  136.0000    0.5292    0.5292    0.2881    0.2881
  137.0000    0.2759    0.2759    0.3708    0.3708
  138.0000    0.0279    0.0279    0.5703    0.5703
  139.0000   -0.2234   -0.2234    0.7096    0.7096
  140.0000   -0.5923   -0.5923    0.9782    0.9782
  141.0000   -1.0738   -1.0738    1.0731    1.0731
  142.0000   -1.6287   -1.6287    1.0436    1.0436
  143.0000   -2.0852   -2.0852    0.7551    0.7551
  144.0000   -2.4409   -2.4409    0.6447    0.6447
  145.0000   -2.7410   -2.7410    0.6894    0.6894
  146.0000   -2.9724   -2.9724    0.7016    0.7016
  147.0000   -2.9498   -2.9498    0.6622    0.6622
  148.0000   -2.4846   -2.4846    0.7276    0.7276
  149.0000   -1.9535   -1.9535    0.8238    0.8238
  150.0000   -1.3881   -1.3881    0.8577    0.8577
  151.0000   -0.7496   -0.7496    0.3637    0.3637
  152.0000   -0.1102   -0.1102   -0.2947   -0.2947
  153.0000    0.1924    0.1924   -1.1394   -1.1394
  154.0000    0.3243    0.3243   -1.9569   -1.9569
  155.0000    0.4187    0.4187   -2.5085   -2.5085
  156.0000    0.3178    0.3178   -2.6832   -2.6832
  157.0000    0.2445    0.2445   -2.4423   -2.4423
  158.0000    0.2993    0.2993   -1.7279   -1.7279
  159.0000    0.4477    0.4477   -1.1335   -1.1335
  160.0000    0.3813    0.3813   -0.5051   -0.5051
  161.0000    0.0604    0.0604   -0.1425   -0.1425
  162.0000    0.0619   -0.1256    0.0292   -0.0349
  163.0000    0.3314   -0.1269    0.1386   -0.0955
  164.0000    0.4496   -0.0090    0.0719   -0.2525
  165.0000    0.3145    0.1624   -0.2289   -0.4344
  166.0000    0.3218    0.3218   -0.5695   -0.5695
  167.0000    0.5087    0.5087   -0.6511   -0.6511
  168.0000    0.9275    0.9275   -0.8210   -0.8210
  169.0000    1.1146    1.1146   -0.9049   -0.9049
  170.0000    1.2438    1.2438   -0.8641   -0.8641
  171.0000    1.3171    1.3171   -0.6857   -0.6857
  172.0000    1.3429    1.3429   -0.5071   -0.5071
  173.0000    1.4667    1.4667   -0.5766   -0.5766
  174.0000    1.6351    1.6351   -0.6985   -0.6985
  175.0000    1.8920    1.8920   -0.6616   -0.6616
  176.0000    2.2872    2.2872   -0.4125   -0.4125
  177.0000    2.1456    2.1456   -0.0483   -0.0483
  178.0000    1.8465    1.8465    0.4252    0.4252
  179.0000    1.4812    1.4812    0.8883    0.8883
  180.0000    1.3877    1.3877    1.0369    1.0369
  181.0000    1.2088    1.2088    1.2376    1.2376
  182.0000    1.0916    1.0916    1.2951    1.2951
  183.0000    0.9941    0.9941    1.2608    1.2608
  184.0000    0.5221    0.5221    1.1201    1.1201
  185.0000   -0.0207   -0.0207    1.0976    1.0976
  186.0000   -0.1319   -0.1319    1.1986    1.1986
  187.0000    0.2262    0.2262    1.0040    1.0040
  188.0000    0.8249    0.8249    0.9258    0.9258
  189.0000    1.3009    1.3009    0.6962    0.6962
  190.0000    1.1849    1.1849    0.4386    0.4386
  191.0000    0.7860    0.7860    0.1687    0.1687
  192.0000    0.4501    0.4501   -0.2040   -0.2040
  193.0000    0.0106    0.0106   -0.7382   -0.7382
  194.0000   -0.1013   -0.1013   -0.9986   -0.9986
  195.0000    0.0239    0.0239   -1.0128   -1.0128
  196.0000    0.1137    0.1137   -0.7866   -0.7866
  197.0000    0.2330    0.2330   -0.7730   -0.7730
  198.0000    0.2459    0.2459   -0.5731   -0.5731
  199.0000    0.2408    0.2408   -0.4402   -0.4402
  200.0000    0.1974    0.1974   -0.1491   -0.1491
  201.0000    0.0120    0.0120    0.0802    0.0802
  202.0000   -0.1127   -0.1127    0.0528    0.0528
  203.0000   -0.1586   -0.1586    0.4248    0.4248
  204.0000   -0.0713   -0.0713    1.1703    1.1703
  205.0000   -0.1817   -0.1817    1.8116    1.8116
  206.0000   -0.3042   -0.3042    2.0514    2.0514
  207.0000   -0.2631   -0.2631    2.2797    2.2797
  208.0000   -0.0171   -0.0171    2.3421    2.3421
  209.0000   -0.0801   -0.0801    1.9747    1.9747
  210.0000   -0.2837   -0.2837    1.4280    1.4280
  211.0000   -0.3821   -0.3821    0.9537    0.9537
  212.0000   -0.5792   -0.5792    0.7351    0.7351
  213.0000   -0.8282   -0.8282    0.5942    0.5942
  214.0000   -0.9242   -0.9242    0.7336    0.7336
  215.0000   -1.0822   -1.0822    0.7487    0.7487
  216.0000   -0.8947   -0.8947    0.5011    0.5011
  217.0000   -0.8537   -0.8537    0.2134    0.2134
  218.0000   -0.8631   -0.8631   -0.2951   -0.2951
  219.0000   -1.2730   -1.2730   -1.0992   -1.0992
  220.0000   -1.3657   -1.3657   -1.5683   -1.5683
  221.0000   -1.0881   -1.0881   -1.2862   -1.2862
  222.0000   -0.8338   -0.8338   -0.9207   -0.9207
  223.0000   -0.7476   -0.7476   -0.6531   -0.6531
  224.0000   -0.7610   -0.7610   -0.5729   -0.5729
  225.0000   -1.0770   -1.0770   -0.4665   -0.4665
  226.0000   -1.4230   -1.4230   -0.3344   -0.3344
  227.0000   -1.3296   -1.3296   -0.3060   -0.3060
  228.0000   -1.0491   -1.0491   -0.4839   -0.4839
  229.0000   -0.7893   -0.7893   -0.5530   -0.5530
  230.0000   -0.7393   -0.7393   -0.4598   -0.4598
  231.0000   -0.9560   -0.9560   -0.1688   -0.1688
  232.0000   -1.0169   -1.0169   -0.1454   -0.1454
  233.0000   -0.9694   -0.9694   -0.2292   -0.2292
  234.0000   -0.8464   -0.8464   -0.4084   -0.4084
  235.0000   -0.5006   -0.5006   -0.6715   -0.6715
  236.0000   -0.2419   -0.2419   -1.0877   -1.0877
  237.0000   -0.2080   -0.2080   -1.1575   -1.1575
  238.0000   -0.0705   -0.0705   -1.2825   -1.2825
  239.0000   -0.0119   -0.0119   -1.3717   -1.3717
  240.0000    0.1805    0.1805   -1.4600   -1.4600
  241.0000    0.7925    0.7925   -1.6332   -1.6332
  242.0000    1.4314    1.4405   -1.8248   -1.8404
  243.0000    1.8021    1.8021   -1.9702   -1.9702
  244.0000    1.7896    1.7896   -2.0164   -2.0164
  245.0000    1.8048    1.8048   -2.2160   -2.2160
  246.0000    1.7161    1.7161   -2.2327   -2.2327
  247.0000    1.4007    1.4899   -2.1341   -2.0762
  248.0000    0.9793    0.9793   -1.8091   -1.8091
  249.0000    0.1136    0.1136   -1.5038   -1.5038
  250.0000   -0.7539   -0.7573   -1.2101   -1.2962
  251.0000   -1.5003   -1.5003   -1.0789   -1.0789
  252.0000   -2.0390   -2.0390   -0.7748   -0.7748
  253.0000   -2.2029   -2.2029   -0.6049   -0.6049
  254.0000   -1.9666   -1.9666   -0.5028   -0.5028
  255.0000   -1.6228   -1.6228   -0.4400   -0.4400
  256.0000   -1.3124   -1.3124   -0.6077   -0.6077
  257.0000   -1.0045   -1.0045   -0.7084   -0.7084
  258.0000   -0.5043   -0.5043   -0.5510   -0.5510
  259.0000    0.1644    0.1644   -0.0618   -0.0618
  260.0000    0.5218    0.5218    0.1437    0.1437
  261.0000    0.5158    0.5158    0.4212    0.4212
  262.0000    0.5654    0.5654    0.4189    0.4189
  263.0000    0.5953    0.5953    0.0382    0.0382
  264.0000    0.6999    0.6999   -0.2617   -0.2617
  265.0000    0.8731    0.8731   -0.5041   -0.5041
  266.0000    0.9105    0.9105   -0.8021   -0.8021
  267.0000    0.7133    0.7133   -1.1305   -1.1305
  268.0000    0.4305    0.4305   -1.2930   -1.2930
  269.0000    0.3030    0.3030   -0.9746   -0.9746
  270.0000    0.4249    0.4249   -0.6743   -0.6743
  271.0000    0.6191    0.6191   -0.4930   -0.4930
  272.0000    0.7040    0.7844   -0.4014   -0.3197
  273.0000    0.8473    0.8473   -0.1622   -0.1622
  274.0000    0.7723    0.7723   -0.1273   -0.1273
  275.0000    0.6014    0.6014   -0.3425   -0.3425
  276.0000    0.2854    0.2854   -0.2969   -0.2969
  277.0000    0.1675    0.1675   -0.0845   -0.0845
  278.0000   -0.1410   -0.1410    0.3855    0.3855
  279.0000   -0.1072   -0.1072    0.9402    0.9402
  280.0000   -0.0013   -0.0013    1.1354    1.1354
  281.0000    0.3250    0.3250    1.2838    1.2838
  282.0000    0.5074    0.4921    1.1004    1.2624
  283.0000    0.3280    0.3280    1.1276    1.1276
  284.0000   -0.1708   -0.1708    1.0700    1.0700
  285.0000   -0.7869   -0.7869    1.3508    1.3508
  286.0000   -1.3799   -1.3799    1.8317    1.8317
  287.0000   -1.9318   -1.9318    2.0101    2.0101
  288.0000   -2.2691   -2.2691    1.8557    1.8557
  289.0000   -2.1338   -2.1338    1.8852    1.8852
  290.0000   -1.6264   -1.6264    2.0474    2.0474
  291.0000   -1.0919   -1.0919    2.3419    2.3419
  292.0000   -0.8336   -0.8336    2.7864    2.7864
  293.0000   -0.7290   -0.7290    2.6922    2.6922
  294.0000   -0.8160   -0.8160    2.4247    2.4247
  295.0000   -0.9183   -0.9183    1.8854    1.8854
  296.0000   -0.6471   -0.6471    1.5963    1.5963
  297.0000    0.0147    0.0147    1.5323    1.5323
  298.0000    0.4915    0.4915    1.5229    1.5229
  299.0000    0.8243    0.8243    1.5134    1.5134
  300.0000    1.4352    1.3804    1.2085    1.2074
  301.0000    1.9267    1.9267    0.8426    0.8426
  302.0000    2.2476    2.2476    0.7478    0.7478
  303.0000    2.6468    2.6468    0.9218    0.9218
  304.0000    2.8821    2.8821    1.1454    1.1454
  305.0000    3.1239    3.1239    1.3888    1.3888
  306.0000    3.2112    3.2112    1.8134    1.8134
  307.0000    2.7708    2.7708    1.7264    1.7264
  308.0000    2.4160    2.4160    1.3293    1.3293
  309.0000    2.1277    2.1277    0.9955    0.9955
  310.0000    1.8741    1.8741    0.4632    0.4632
  311.0000    1.1236    1.1236    0.2419    0.2419
  312.0000    0.3270    0.3270    0.2660    0.2660
  313.0000   -0.3082   -0.3082    0.2057    0.2057
  314.0000   -0.6298   -0.6298    0.2115    0.2115
  315.0000   -0.5718   -0.5718    0.4211    0.4211
  316.0000   -0.7080   -0.7080    0.7796    0.7796
  317.0000   -0.8442   -0.8442    0.9868    0.9868
  318.0000   -1.3617   -1.3617    1.0461    1.0461
  319.0000   -1.7279   -1.7279    0.7785    0.7785
  320.0000   -2.1068   -2.1068    0.1729    0.1729
  321.0000   -2.2049   -2.2049   -0.1802   -0.1802
  322.0000   -2.1386   -2.1386   -0.3692   -0.3692
  323.0000   -1.9171   -1.9171   -0.5483   -0.5483
  324.0000   -1.3669   -1.3669   -0.6253   -0.6253
  325.0000   -0.6212   -0.6212   -0.8944   -0.8944
  326.0000    0.0841    0.0841   -1.2963   -1.2963
  327.0000    0.5729    0.5729   -1.5369   -1.5369
  328.0000    0.8141    0.8141   -1.4862   -1.4862
  329.0000    0.6627    0.6627   -1.2658   -1.2658
  330.0000    0.2165    0.2165   -0.7902   -0.7902
  331.0000   -0.2255   -0.2255   -0.3617   -0.3617
  332.0000   -0.4684   -0.4684   -0.1972   -0.1972
  333.0000   -0.5626   -0.5626   -0.2742   -0.2742
  334.0000   -0.4986   -0.4986   -0.4599   -0.4599
  335.0000   -0.4154   -0.4154   -0.8783   -0.8783
  336.0000   -0.2491   -0.2491   -1.5031   -1.5031
  337.0000   -0.3649   -0.3649   -1.9694   -1.9694
  338.0000   -0.8012   -0.8012   -1.9364   -1.9364
  339.0000   -1.1928   -1.1928   -1.6049   -1.6049
  340.0000   -1.2473   -1.2473   -1.0762   -1.0762
  341.0000   -1.4312   -1.4312   -0.3465   -0.3465
  342.0000   -1.6178   -1.6178    0.1082    0.1082
  343.0000   -1.6364   -1.6364    0.4033    0.4033
  344.0000   -1.5614   -1.5614   -0.0210   -0.0210
  345.0000   -1.2065   -1.2065   -0.2760   -0.2760
  346.0000   -0.3486   -0.3486   -0.7743   -0.7743
  347.0000    0.3110    0.3110   -1.3877   -1.3877
  348.0000    0.5392    0.5392   -1.8597   -1.8597
  349.0000    0.5764    0.5764   -1.8009   -1.8009
  350.0000    0.4370    0.4505   -1.2643   -1.2618
  351.0000    0.2407    0.2407   -0.4439   -0.4439
  352.0000    0.0556    0.0556    0.3058    0.3058
  353.0000   -0.0135   -0.0135    0.3885    0.3885
  354.0000    0.0736    0.0736    0.2445    0.2445
  355.0000    0.1848    0.1848    0.2188    0.2188
  356.0000    0.3337    0.3337    0.0571    0.0571
  357.0000    0.2696    0.2696   -0.0929   -0.0929
  358.0000    0.1534    0.1534   -0.2346   -0.2346
  359.0000    0.1332    0.1332   -0.4118   -0.4118
  360.0000   -0.0248   -0.0248   -0.4724   -0.4724
  361.0000   -0.2943   -0.2943   -0.4272   -0.4272
  362.0000   -0.1155   -0.1155   -0.4619   -0.4619
  363.0000    0.4045    0.4045   -0.4686   -0.4686
  364.0000    1.1279    1.1279   -0.3507   -0.3507
  365.0000    1.7290    1.7290   -0.1015   -0.1015
  366.0000    2.0780    2.0780    0.2897    0.2897
  367.0000    2.0669    2.0669    0.7598    0.7598
  368.0000    1.5470    1.5470    1.0765    1.0765
  369.0000    0.9978    0.9978    0.9523    0.9523
  370.0000    0.7329    0.7329    0.5622    0.5622
  371.0000    0.3700    0.3700    0.2446    0.2446
  372.0000    0.2513    0.2513    0.1437    0.1437
  373.0000    0.2967    0.2967    0.1971    0.1971
  374.0000    0.4020    0.4020    0.2164    0.2164
  375.0000    0.7875    0.7875    0.1464    0.1464
  376.0000    1.1394    1.1394    0.2978    0.2978
  377.0000    1.1238    1.1238    0.6233    0.6233
  378.0000    0.9837    0.8974    0.8967    0.8814
  379.0000    0.5075    0.5075    0.9768    0.9768
  380.0000    0.0656    0.0656    0.9161    0.9161
  381.0000    0.0285    0.0285    0.7991    0.7991
  382.0000    0.3140    0.3140    0.4366    0.4366
  383.0000    0.5413    0.5413    0.1771    0.1771
  384.0000    0.3817    0.3817   -0.0134   -0.0134
  385.0000    0.1948    0.1948   -0.0837   -0.0837
  386.0000    0.1945    0.1945    0.0990    0.0990
  387.0000    0.0222    0.0222    0.1262    0.1262
  388.0000    0.1806    0.1806    0.1373    0.1373
  389.0000    0.6706    0.6706    0.1915    0.1915
  390.0000    1.2602    1.2602    0.1220    0.1220
  391.0000    1.5173    1.5173    0.0888    0.0888
  392.0000    1.5445    1.5445    0.1227    0.1227
  393.0000    1.0610    1.0610    0.0764    0.0764
  394.0000    0.3325    0.3325   -0.1422   -0.1422
  395.0000   -0.6419   -0.6419   -0.3592   -0.3592
  396.0000   -1.0468   -1.0468   -0.5674   -0.5674
  397.0000   -1.2133   -1.1015   -0.4140   -0.3369
  398.0000   -0.9482   -0.9482    0.0642    0.0642
  399.0000   -0.5876   -0.5876    0.2733    0.2733
  400.0000   -0.0333   -0.0333    0.3526    0.3526
  401.0000    0.3050    0.3050    0.1971    0.1971
  402.0000    0.1899    0.1899   -0.0701   -0.0701
  403.0000   -0.4375   -0.4375   -0.0023   -0.0023
  404.0000   -0.6942   -0.6942   -0.0369   -0.0369
  405.0000   -0.8703   -0.8703   -0.0533   -0.0533
  406.0000   -0.6945   -0.6945   -0.2847   -0.2847
  407.0000   -0.5455   -0.5455   -0.5185   -0.5185
  408.0000   -0.3356   -0.3356   -0.5301   -0.5301
  409.0000   -0.2968   -0.2968   -0.3475   -0.3475
  410.0000   -0.5839   -0.5839   -0.2706   -0.2706
  411.0000   -0.6731   -0.6731   -0.2296   -0.2296
  412.0000   -0.6946   -0.6946   -0.4426   -0.4426
  413.0000   -0.4946   -0.4946   -0.8837   -0.8837
  414.0000    0.0180    0.0180   -1.2255   -1.2255
  415.0000    0.4342    0.4342   -1.6761   -1.6761
  416.0000    0.4730    0.4730   -1.8166   -1.8166
  417.0000    0.4571    0.4571   -1.9643   -1.9643
  418.0000    0.4458    0.4458   -2.0651   -2.0651
  419.0000    0.5499    0.5104   -2.0156   -1.8408
  420.0000    0.6449    0.6732   -1.4684   -1.3285
  421.0000    0.9339    0.9339   -0.6541   -0.6541
  422.0000    1.2574    1.2574    0.0437    0.0437
  423.0000    1.4648    1.4648    0.5921    0.5921
  424.0000    1.3349    1.3349    0.8114    0.8114
  425.0000    0.7961    0.7961    0.5239    0.5239
  426.0000    0.2440    0.2440    0.2955    0.2955
  427.0000   -0.2098   -0.2098    0.2535    0.2535
  428.0000   -0.4545   -0.4860    0.2949    0.1375
  429.0000   -0.7051   -0.6767    0.0481   -0.0464
  430.0000   -0.9253   -0.9253   -0.2050   -0.2050
  431.0000   -1.2807   -1.2807   -0.1742   -0.1742
  432.0000   -1.4333   -1.4333    0.2860    0.2860
  433.0000   -1.2634   -1.2634    0.7545    0.7545
  434.0000   -1.2888   -1.2888    1.0470    1.0470
  435.0000   -1.4651   -1.4651    1.1527    1.1527
  436.0000   -1.7057   -1.7057    1.0570    1.0570
  437.0000   -1.5630   -1.7906    0.9131    1.0781
  438.0000   -1.3953   -1.6952    1.0314    1.2333
  439.0000   -1.1857   -1.4595    1.3909    1.4351
  440.0000   -1.0450   -1.1237    1.6033    1.5958
  441.0000   -0.7280   -0.7280    1.6276    1.6276
  442.0000   -0.3114   -0.3114    1.5046    1.5046
  443.0000    0.1149    0.1149    1.2578    1.2578
  444.0000    0.5291    0.5291    0.5201    0.5201
  445.0000    0.6324    0.6324   -0.1755   -0.1755
  446.0000    0.4282    0.4282   -0.4976   -0.4976
  447.0000   -0.1112   -0.1112   -0.6146   -0.6146
  448.0000   -0.3110   -0.4619   -0.3966   -0.6173
  449.0000   -0.2191   -0.5424   -0.0526   -0.5288
  450.0000   -0.1052   -0.4319    0.1127   -0.3669
  451.0000    0.0645   -0.2097    0.3127   -0.1494
  452.0000    0.1536    0.0451    0.3697    0.1061
  453.0000    0.2158    0.2532    0.4145    0.3817
  454.0000    0.3354    0.3354    0.6599    0.6599
  455.0000    0.2911    0.2911    0.9057    0.9057
  456.0000    0.3574    0.3574    0.9786    0.9786
  457.0000    0.4402    0.4402    0.6835    0.6835
  458.0000    0.1772    0.1772    0.1964    0.1964
  459.0000   -0.1312   -0.1312   -0.2819   -0.2819
  460.0000   -0.5117   -0.5117   -0.5062   -0.5062
  461.0000   -0.7518   -0.7518   -0.5344   -0.5344
  462.0000   -0.7404   -0.7404   -0.6020   -0.6020
  463.0000   -0.7709   -0.7709   -0.6430   -0.6430
  464.0000   -0.8185   -0.8185   -0.7196   -0.7196
  465.0000   -0.7264   -0.7128   -0.7888   -0.8082
  466.0000   -0.4285   -0.4522   -0.8796   -0.8767
  467.0000   -0.0826   -0.0826   -0.9012   -0.9012
  468.0000    0.3106    0.3106   -0.7773   -0.7773
  469.0000    0.5591    0.5591   -0.2830   -0.2830
  470.0000    0.8074    0.8074    0.2223    0.2223
  471.0000    1.2974    1.2974    0.7235    0.7235
  472.0000    1.5699    1.5699    1.1251    1.1251
  473.0000    1.2382    1.2382    1.2259    1.2259
  474.0000    0.6136    0.6136    1.1495    1.1495
  475.0000    0.2241    0.2241    0.8992    0.8992
  476.0000   -0.1032   -0.1032    0.7358    0.7358
  477.0000   -0.5597   -0.5597    0.6257    0.6257
  478.0000   -0.9160   -0.9160    0.8113    0.8113
  479.0000   -1.0650   -1.0650    0.9460    0.9460
  480.0000   -1.0923   -1.0923    1.1078    1.1078
  481.0000   -0.9086   -0.9686    1.3466    1.3319
  482.0000   -0.7875   -0.7875    1.5509    1.5509
  483.0000   -0.6601   -0.6601    1.6953    1.6953
  484.0000   -0.6017   -0.6017    1.7229    1.7229
  485.0000   -0.6366   -0.6366    1.5799    1.5799
  486.0000   -0.7214   -0.7214    1.3487    1.3487
  487.0000   -0.5688   -0.5688    1.0164    1.0164
  488.0000   -0.2465   -0.2465    0.6899    0.6899
  489.0000   -0.1769   -0.1769    0.2275    0.2275
  490.0000   -0.2181   -0.2181    0.0369    0.0369
  491.0000   -0.4334   -0.4334   -0.1320   -0.1320
  492.0000   -0.5738   -0.5738   -0.2738   -0.2738
  493.0000   -0.4077   -0.4077   -0.6396   -0.6396
  494.0000   -0.3636   -0.3636   -0.9601   -0.9601
  495.0000   -0.4446   -0.4446   -0.6510   -0.6510
  496.0000   -0.2882   -0.2882   -0.2400   -0.2400
  497.0000    0.0138    0.0138   -0.0402   -0.0402
  498.0000    0.3194    0.3194    0.0264    0.0264
  499.0000    0.4702    0.4702    0.1453    0.1453
  500.0000    0.7211    0.7211    0.1935    0.1935
  501.0000    1.1282    1.1282    0.2701    0.2701
  502.0000    1.4118    1.4118    0.3529    0.3529
  503.0000    1.3470    1.3470    0.4281    0.4281
  504.0000    1.0651    1.0651    0.7813    0.7813
  505.0000    0.8633    0.8633    1.0235    1.0235
  506.0000    0.7118    0.7118    0.9802    0.9802
  507.0000    0.5416    0.5416    0.6707    0.6707
  508.0000    0.3055    0.3055    0.0527    0.0527
  509.0000    0.2163    0.2163   -0.2617   -0.2617
  510.0000    0.2845    0.2845   -0.2997   -0.2997
  511.0000    0.3061    0.3061   -0.3925   -0.3925
  512.0000    0.4527    0.4527   -0.6461   -0.6461
  513.0000    0.7465    0.7465   -0.8724   -0.8724
  514.0000    1.4414    1.3460   -1.2008   -1.2085
  515.0000    1.8346    1.8346   -1.5981   -1.5981
  516.0000    1.8744    1.8744   -1.9387   -1.9387
  517.0000    1.9153    1.9153   -2.1526   -2.1526
  518.0000    1.8302    1.8302   -1.9590   -1.9590
  519.0000    1.3922    1.3922   -1.7066   -1.7066
  520.0000    0.8777    0.8777   -1.7677   -1.7677
  521.0000    0.3316    0.3316   -2.1226   -2.1226
  522.0000    0.0679    0.0679   -2.4405   -2.4405
  523.0000    0.0839    0.0839   -2.3987   -2.3987
  524.0000    0.0799    0.0799   -2.1843   -2.1843
  525.0000   -0.2959   -0.2959   -1.7374   -1.7374
  526.0000   -0.7760   -0.7760   -1.0500   -1.0500
  527.0000   -1.2229   -1.2229   -0.4220   -0.4220
  528.0000   -1.4728   -1.4728    0.1408    0.1408
  529.0000   -1.2003   -1.2003    0.5246    0.5246
  530.0000   -1.0668   -1.0668    0.5341    0.5341
  531.0000   -1.1401   -1.1401    0.2910    0.2910
  532.0000   -0.9931   -1.0140   -0.3349   -0.2819
  533.0000   -0.6945   -0.6945   -0.9422   -0.9422
  534.0000   -0.2988   -0.2988   -1.3251   -1.3251
  535.0000    0.1007    0.1007   -1.1090   -1.1090
  536.0000    0.3163    0.3163   -0.4008   -0.4008
  537.0000    0.2144    0.2144    0.4426    0.4426
  538.0000    0.3607    0.3607    0.9217    0.9217
  539.0000    0.7195    0.7195    1.1322    1.1322
  540.0000    1.2218    1.2218    1.0817    1.0817
  541.0000    1.3811    1.3811    0.9689    0.9689
  542.0000    1.3574    1.3027    0.5727    0.5808
  543.0000    1.1318    1.1318   -0.0554   -0.0554
  544.0000    0.9833    0.9833   -0.7044   -0.7044
  545.0000    0.9172    0.9574   -0.9115   -0.8618
  546.0000    0.9402    0.9402   -0.5800   -0.5800
  547.0000    0.8169    0.8169   -0.0877   -0.0877
  548.0000    0.6790    0.6790    0.4123    0.4123
  549.0000    0.5697    0.5697    0.8743    0.8743
  550.0000    0.4680    0.4680    1.1177    1.1177
  551.0000    0.5664    0.5664    1.2728    1.2728
  552.0000    0.4253    0.4253    1.0790    1.0790
  553.0000    0.0136    0.0136    0.9043    0.9043
  554.0000   -0.7177   -0.7177    0.8530    0.8530
  555.0000   -1.3218   -1.3218    0.7583    0.7583
  556.0000   -1.6117   -1.6117    0.6002    0.6002
  557.0000   -1.4661   -1.4661    0.3756    0.3756
  558.0000   -0.9336   -1.0339   -0.0322   -0.0001
  559.0000   -0.6917   -0.6917   -0.2382   -0.2382
  560.0000   -0.6900   -0.6900   -0.1108   -0.1108
  561.0000   -0.7516   -0.7516    0.0376    0.0376
  562.0000   -0.8291   -0.9140    0.1343    0.1168
  563.0000   -1.0501   -1.0501    0.3142    0.3142
  564.0000   -1.0817   -1.0817    0.7314    0.7314
  565.0000   -1.3082   -1.3082    1.0202    1.0202
  566.0000   -1.6616   -1.6616    1.0271    1.0271
  567.0000   -2.0088   -2.0088    0.8442    0.8442
  568.0000   -2.4120   -2.4120    0.8670    0.8670
  569.0000   -2.7933   -2.7933    1.0039    1.0039
  570.0000   -2.9599   -2.9599    1.2489    1.2489
  571.0000   -2.7117   -2.7117    1.7909    1.7909
  572.0000   -2.2152   -2.2152    2.1597    2.1597
  573.0000   -1.5586   -1.5586    1.9038    1.9038
  574.0000   -1.1241   -1.1241    1.3881    1.3881
  575.0000   -0.8585   -0.8585    0.8562    0.8562
  576.0000   -0.7840   -0.7840    0.6105    0.6105
  577.0000   -0.7630   -0.7630    0.4251    0.4251
  578.0000   -0.5013   -0.5013    0.2945    0.2945
  579.0000    0.1545    0.1545    0.3422    0.3422
  580.0000    0.8824    0.8824    0.8474    0.8474
  581.0000    1.6707    1.6707    1.1672    1.1672
  582.0000    2.2882    2.2882    1.3109    1.3109
  583.0000    2.7300    2.7300    1.1361    1.1361
  584.0000    2.7697    2.7697    0.8463    0.8463
  585.0000    2.5122    2.5122    0.3855    0.3855
  586.0000    1.8683    1.8683    0.2384    0.2384
  587.0000    0.9785    0.9785    0.0188    0.0188
  588.0000    0.1936    0.2209   -0.3804   -0.4080
  589.0000   -0.3219   -0.3219   -0.8293   -0.8293
  590.0000   -0.5557   -0.5557   -1.0921   -1.0921
  591.0000   -0.1896   -0.1896   -1.4138   -1.4138
  592.0000    0.3709    0.3709   -1.7161   -1.7161
  593.0000    0.7404    0.7404   -1.8026   -1.8026
  594.0000    0.8900    0.8900   -1.9819   -1.9819
  595.0000    0.9815    0.9815   -2.1348   -2.1348
  596.0000    1.1378    1.1378   -2.3187   -2.3187
  597.0000    0.8470    0.8470   -2.4881   -2.4881
  598.0000    0.6421    0.6421   -2.6589   -2.6589
  599.0000    0.4224    0.4455   -2.5785   -2.4910
  600.0000    0.2609    0.2609   -2.0577   -2.0577
  601.0000    0.2449    0.2449   -1.5745   -1.5745
  602.0000    0.5519    0.5519   -1.2746   -1.2746
  603.0000    0.6280    0.6280   -1.2637   -1.2637
  604.0000    0.5795    0.5795   -1.2103   -1.2103
  605.0000    0.4982    0.4982   -1.1487   -1.1487
  606.0000    0.7644    0.7644   -1.2135   -1.2135
  607.0000    0.9393    0.9393   -1.3745   -1.3745
  608.0000    0.9532    0.9532   -1.3049   -1.3049
  609.0000    0.7556    0.7556   -1.0480   -1.0480
  610.0000    0.7990    0.7990   -0.7145   -0.7145
  611.0000    0.8526    0.8526   -0.3949   -0.3949
  612.0000    0.8594    0.8594   -0.1841   -0.1841
  613.0000    0.6030    0.6030    0.1024    0.1024
  614.0000    0.3268    0.3268    0.4626    0.4626
  615.0000   -0.1385   -0.1385    0.6153    0.6153
  616.0000   -0.9178   -0.9178    0.5148    0.5148
  617.0000   -1.3415   -1.3415    0.4093    0.4093
  618.0000   -1.0712   -1.0712    0.2243    0.2243
  619.0000   -0.6360   -0.6360    0.0624    0.0624
  620.0000   -0.4684   -0.4684   -0.1286   -0.1286
  621.0000   -0.8185   -0.8185   -0.1044   -0.1044
  622.0000   -0.8435   -0.8435   -0.1092   -0.1092
  623.0000   -0.9573   -0.9573   -0.1995   -0.1995
  624.0000   -1.1823   -1.1823   -0.3334   -0.3334
  625.0000   -1.0971   -1.0971   -0.3333   -0.3333
  626.0000   -0.6594   -0.6594   -0.2727   -0.2727
  627.0000   -0.3021   -0.3021   -0.1046   -0.1046
  628.0000    0.1969    0.1969    0.0339    0.0339
  629.0000    0.6178    0.5469    0.0947   -0.0227
  630.0000    0.6999    0.6999   -0.1052   -0.1052
  631.0000    0.7137    0.7137   -0.0594   -0.0594
  632.0000    0.6036    0.6036   -0.0409   -0.0409
  633.0000    0.4218    0.4218    0.1067    0.1067
  634.0000    0.3391    0.3391    0.5162    0.5162
  635.0000    0.1539    0.1539    0.7192    0.7192
  636.0000   -0.2782   -0.2782    0.5537    0.5537
  637.0000   -0.7491   -0.7491    0.3571    0.3571
  638.0000   -1.1871   -1.1871    0.2703    0.2703
  639.0000   -1.0275   -1.0275    0.1714    0.1714
  640.0000   -0.4722   -0.4722    0.1765    0.1765
  641.0000   -0.3874   -0.3874    0.4738    0.4738
  642.0000   -0.7147   -0.7147    1.1301    1.1301
  643.0000   -1.3751   -1.3751    1.3881    1.3881
  644.0000   -1.9089   -1.9089    1.4740    1.4740
  645.0000   -1.6856   -1.6856    1.5654    1.5654
  646.0000   -1.2414   -1.2414    1.6187    1.6187
  647.0000   -0.9026   -0.9026    1.7195    1.7195
  648.0000   -0.4501   -0.4501    1.4494    1.4494
  649.0000   -0.0632   -0.0632    1.2440    1.2440
  650.0000   -0.1456   -0.1456    1.3514    1.3514
  651.0000   -0.2904   -0.2904    1.3671    1.3671
  652.0000   -0.4038   -0.4038    1.1904    1.1904
  653.0000   -0.4287   -0.4287    0.9594    0.9594
  654.0000   -0.5242   -0.5242    0.5970    0.5970
  655.0000   -0.6988   -0.6988    0.1250    0.1250
  656.0000   -0.9794   -0.9794   -0.2092   -0.2092
  657.0000   -1.1758   -1.1758   -0.2780   -0.2780
  658.0000   -1.3987   -1.3987   -0.0522   -0.0522
  659.0000   -1.4022   -1.4022    0.4325    0.4325
  660.0000   -1.1003   -1.1003    0.9951    0.9951
  661.0000   -0.5286   -0.5286    1.4128    1.4128
  662.0000    0.0102    0.0102    1.6390    1.6390
  663.0000    0.2053    0.2053    1.8419    1.8419
  664.0000    0.3453    0.3453    1.6526    1.6526
  665.0000    0.5785    0.5785    1.3488    1.3488
  666.0000    0.5333    0.5333    1.4237    1.4237
  667.0000    0.6152    0.6152    1.2446    1.2446
  668.0000    0.5076    0.5076    0.8780    0.8780
  669.0000    0.4185    0.4185    0.7787    0.7787
  670.0000    0.2864    0.2864    0.8537    0.8537
  671.0000    0.3501    0.3501    1.0838    1.0838
  672.0000    0.3594    0.3594    1.2552    1.2552
  673.0000    0.2774    0.2774    0.8888    0.8888
  674.0000    0.4155    0.4155    0.0785    0.0785
  675.0000    0.7235    0.7235   -0.9730   -0.9730
  676.0000    0.8834    0.8834   -1.5082   -1.5082
  677.0000    1.2316    1.2316   -1.5972   -1.5972
  678.0000    1.3620    1.3620   -1.7273   -1.7273
  679.0000    1.4273    1.4273   -1.9421   -1.9421
  680.0000    1.5678    1.5678   -2.1687   -2.1687
  681.0000    1.5885    1.5885   -2.2672   -2.2672
  682.0000    1.3611    1.3611   -1.8836   -1.8836
  683.0000    1.2994    1.2994   -1.3340   -1.3340
  684.0000    1.1573    1.1573   -1.0318   -1.0318
  685.0000    0.8343    0.8343   -0.9185   -0.9185
  686.0000    0.6714    0.6714   -0.7815   -0.7815
  687.0000    0.6058    0.6058   -0.6595   -0.6595
  688.0000    0.5889    0.5889   -0.5767   -0.5767
  689.0000    0.2864    0.2864   -0.3751   -0.3751
  690.0000    0.0584    0.0584   -0.1837   -0.1837
  691.0000   -0.1828   -0.1828    0.0721    0.0721
  692.0000   -0.3216   -0.3216    0.2197    0.2197
  693.0000   -0.0797   -0.0797    0.3419    0.3419
  694.0000    0.0691    0.0691    0.5854    0.5854
  695.0000    0.2894    0.2894    0.6958    0.6958
  696.0000    0.4199    0.4199    0.8915    0.8915
  697.0000    0.2358    0.2358    1.1379    1.1379
  698.0000   -0.1325   -0.1325    1.2387    1.2387
  699.0000   -0.0522   -0.0522    1.1824    1.1824
  700.0000    0.3314    0.3314    0.8227    0.8227
  701.0000    0.8552    0.7087    0.3805    0.1789
  702.0000    1.0733    0.9152   -0.5079   -0.5582
  703.0000    0.8205    0.8205   -1.1673   -1.1673
  704.0000    0.3508    0.3508   -1.4662   -1.4662
  705.0000   -0.2668   -0.2668   -1.2794   -1.2794
  706.0000   -0.5936   -0.5936   -0.2705   -0.2705
  707.0000   -0.6502   -0.6502    0.6719    0.6719
  708.0000   -0.5392   -0.5392    1.2069    1.2069
  709.0000   -0.4896   -0.4896    1.4510    1.4510
  710.0000   -0.0704   -0.0704    1.2330    1.2330
  711.0000    0.4897    0.4897    0.5699    0.5699
  712.0000    1.0730    1.0730    0.1555    0.1555
  713.0000    1.4714    1.4714   -0.0739   -0.0739
  714.0000    1.6107    1.6107   -0.3484   -0.3484
  715.0000    1.4992    1.4992   -0.9014   -0.9014
  716.0000    1.2965    1.2965   -1.4915   -1.4915
  717.0000    1.0805    1.0805   -1.7707   -1.7707
  718.0000    1.0174    1.0174   -1.5557   -1.5557
  719.0000    1.0410    1.0410   -1.2747   -1.2747
  720.0000    1.2281    1.2281   -1.1363   -1.1363
  721.0000    1.4108    1.4108   -1.2944   -1.2944
  722.0000    1.5984    1.5984   -1.4768   -1.4768
  723.0000    1.4065    1.4065   -1.2954   -1.2954
  724.0000    1.2686    1.2686   -1.0474   -1.0474
  725.0000    1.0200    1.0200   -0.9695   -0.9695
  726.0000    0.9418    0.9418   -0.9516   -0.9516
  727.0000    0.7463    0.7890   -1.0355   -1.0895
  728.0000    0.7002    0.7002   -1.3221   -1.3221
  729.0000    0.8486    0.8486   -1.4835   -1.4835
  730.0000    1.0617    1.0617   -1.4262   -1.4262
  731.0000    1.3372    1.3372   -1.4165   -1.4165
  732.0000    1.2064    1.2064   -1.0019   -1.0019
  733.0000    1.1450    1.1450   -0.4713   -0.4713
  734.0000    1.0922    1.1356   -0.2235   -0.2001
  735.0000    1.0726    1.0726   -0.0789   -0.0789
  736.0000    0.9062    0.9062    0.0007    0.0007
  737.0000    0.6754    0.6754   -0.1150   -0.1150
  738.0000    0.4341    0.4341   -0.0080   -0.0080
  739.0000    0.2330    0.2330    0.3391    0.3391
  740.0000   -0.1910    0.0644    0.7766    0.8143
  741.0000   -0.3441   -0.1199    1.2638    1.3440
  742.0000   -0.3746   -0.3746    1.8633    1.8633
  743.0000   -0.7067   -0.7067    2.2884    2.2884
  744.0000   -1.0353   -1.0353    2.4689    2.4689
  745.0000   -1.5420   -1.5420    2.4217    2.4217
  746.0000   -2.1021   -2.1021    2.5025    2.5025
  747.0000   -2.5512   -2.5512    2.3082    2.3082
  748.0000   -2.6308   -2.6308    1.8664    1.8664
  749.0000   -2.1760   -2.1760    1.1971    1.1971
  750.0000   -1.4092   -1.4092    0.5794    0.5794
  751.0000   -0.8977   -0.8977    0.1949    0.1949
  752.0000   -0.7275   -0.7275   -0.1185   -0.1185
  753.0000   -0.2944   -0.2944   -0.2348   -0.2348
  754.0000    0.0538    0.0538   -0.4752   -0.4752
  755.0000    0.2597    0.2597   -0.7034   -0.7034
  756.0000    0.4824    0.4824   -0.6149   -0.6149
  757.0000    0.9159    0.9159   -0.1908   -0.1908
  758.0000    1.1750    1.1750    0.2288    0.2288
  759.0000    0.7449    0.7621    0.6698    0.7133
  760.0000    0.0421    0.0421    1.0563    1.0563
  761.0000   -0.5262   -0.5262    0.9291    0.9291
  762.0000   -0.9043   -0.9043    0.1641    0.1641
  763.0000   -0.9502   -0.9502   -0.6203   -0.6203
  764.0000   -1.1285   -1.1285   -0.9465   -0.9465
  765.0000   -1.4025   -1.4025   -1.0119   -1.0119
  766.0000   -1.6022   -1.6022   -1.2424   -1.2424
  767.0000   -2.0741   -2.0741   -1.2747   -1.2747
  768.0000   -2.4885   -2.4885   -1.6054   -1.6054
  769.0000   -2.6431   -2.6431   -1.9182   -1.9182
  770.0000   -2.2219   -2.2219   -2.1846   -2.1846
  771.0000   -1.5790   -1.5790   -2.0347   -2.0347
  772.0000   -0.9775   -0.9775   -1.6399   -1.6399
  773.0000   -0.4893   -0.4893   -1.2980   -1.2980
  774.0000   -0.3294   -0.3294   -1.2689   -1.2689
  775.0000   -0.3276   -0.3276   -1.2404   -1.2404
  776.0000   -0.4156   -0.4156   -1.1651   -1.1651
  777.0000   -0.5047   -0.5047   -0.8142   -0.8142
  778.0000   -0.6143   -0.6143   -0.3625   -0.3625
  779.0000   -1.0470   -1.0470   -0.3099   -0.3099
  780.0000   -1.2851   -1.2851   -0.1791   -0.1791
  781.0000   -1.2617   -1.2617   -0.0837   -0.0837
  782.0000   -0.8376   -0.8376   -0.4119   -0.4119
  783.0000   -0.1583   -0.1583   -0.4943   -0.4943
  784.0000    0.3594    0.3594   -0.7038   -0.7038
  785.0000    0.7211    0.7211   -0.9228   -0.9228
  786.0000    0.6694    0.6694   -1.0930   -1.0930
  787.0000    0.5781    0.5781   -0.8916   -0.8916
  788.0000    0.4203    0.4203   -0.6168   -0.6168
  789.0000    0.0989    0.0989    0.1003    0.1003
  790.0000   -0.1961   -0.1961    0.6884    0.6884
  791.0000   -0.4835   -0.4835    1.1823    1.1823
  792.0000   -0.7128   -0.7128    1.1925    1.1925
  793.0000   -0.6110   -0.6110    1.1681    1.1681
  794.0000   -0.2481   -0.2481    0.8149    0.8149
  795.0000    0.3704    0.3704    0.1066    0.1066
  796.0000    0.5049    0.5049   -0.4506   -0.4506
  797.0000    0.1711    0.1711   -0.6287   -0.6287
  798.0000   -0.1005   -0.0492   -0.5923   -0.6484
  799.0000   -0.1776   -0.0700   -0.6526   -0.6323
  800.0000    0.0398    0.0398   -0.6518   -0.6518
  801.0000    0.2264    0.2264   -0.6763   -0.6763
  802.0000    0.5152    0.5152   -0.4401   -0.4401
  803.0000    0.8330    0.8330   -0.2043   -0.2043
  804.0000    0.7556    0.7556   -0.0820   -0.0820
  805.0000    1.0428    1.0428    0.0728    0.0728
  806.0000    1.7234    1.7234    0.1744    0.1744
  807.0000    2.3768    2.3768    0.3184    0.3184
  808.0000    3.0716    3.0716    0.5591    0.5591
  809.0000    3.2574    3.2574    1.1264    1.1264
  810.0000    2.9909    2.9909    1.4031    1.4031
  811.0000    2.5149    2.5149    1.2712    1.2712
  812.0000    1.9183    1.9183    1.0966    1.0966
  813.0000    1.2568    1.2568    0.5932    0.5932
  814.0000    0.7492    0.7492    0.3156    0.3156
  815.0000    0.3140    0.3140    0.2549    0.2549
  816.0000   -0.0418   -0.0418    0.3337    0.3337
  817.0000   -0.4977   -0.4977    0.2869    0.2869
  818.0000   -0.9627   -0.9627    0.2574    0.2574
  819.0000   -1.0989   -1.0989    0.3843    0.3843
  820.0000   -0.8495   -0.8495    0.4606    0.4606
  821.0000   -0.5590   -0.5590    0.7068    0.7068
  822.0000   -0.7829   -0.7829    1.0050    1.0050
  823.0000   -1.1054   -1.1054    1.0725    1.0725
  824.0000   -1.0658   -1.0658    0.7796    0.7796
  825.0000   -0.2724   -0.2724    0.3512    0.3512
  826.0000    0.5556    0.5556   -0.2030   -0.2030
  827.0000    1.0406    1.0406   -0.6881   -0.6881
  828.0000    0.9922    0.9922   -1.1355   -1.1355
  829.0000    0.7123    0.7123   -1.4741   -1.4741
  830.0000    0.1976    0.1976   -1.7366   -1.7366
  831.0000   -0.3117   -0.3117   -1.8877   -1.8877
  832.0000   -0.5014   -0.5014   -1.5730   -1.5730
  833.0000   -0.5666   -0.5666   -0.8835   -0.8835
  834.0000   -0.5601   -0.5601   -0.5843   -0.5843
  835.0000   -0.6392   -0.6392   -0.4438   -0.4438
  836.0000   -0.8414   -0.8414   -0.2884   -0.2884
  837.0000   -1.0120   -1.0120   -0.5038   -0.5038
  838.0000   -1.1557   -1.1557   -0.3948   -0.3948
  839.0000   -1.1144   -1.1144   -0.0463   -0.0463
  840.0000   -0.8408   -0.8408    0.2727    0.2727
  841.0000   -0.6733   -0.6733    0.7090    0.7090
  842.0000   -0.7918   -0.7918    0.6474    0.6474
  843.0000   -1.1673   -1.1673    0.4766    0.4766
  844.0000   -1.1067   -1.3498    0.0363    0.2862
  845.0000   -1.0089   -1.3511   -0.1641    0.0947
  846.0000   -1.0827   -1.3344   -0.1466   -0.0533
  847.0000   -1.4626   -1.4626   -0.1130   -0.1130
  848.0000   -1.7793   -1.7793   -0.0586   -0.0586
  849.0000   -1.9024   -1.9024    0.0571    0.0571
  850.0000   -1.6460   -1.6460    0.1321    0.1321
  851.0000   -1.2133   -1.2133    0.0586    0.0586
  852.0000   -0.6577   -0.6577   -0.0965   -0.0965
  853.0000   -0.2060   -0.2060   -0.3517   -0.3517
  854.0000   -0.1180   -0.1180   -0.3836   -0.3836
  855.0000   -0.0526   -0.0526   -0.4235   -0.4235
  856.0000    0.0297    0.1068   -0.4226   -0.4372
  857.0000    0.3052    0.3052   -0.5962   -0.5962
  858.0000    0.4970    0.4970   -1.0278   -1.0278
  859.0000    0.6749    0.6776   -1.5386   -1.3964
  860.0000    0.5923    0.5923   -1.4808   -1.4808
  861.0000    0.0587    0.0587   -1.1621   -1.1621
  862.0000   -0.6294   -0.6294   -0.6705   -0.6705
  863.0000   -1.3027   -1.3027   -0.6826   -0.6826
  864.0000   -1.5964   -1.5964   -0.8189   -0.8189
  865.0000   -1.5804   -1.5804   -0.8198   -0.8198
  866.0000   -1.6716   -1.6716   -0.6897   -0.6897
  867.0000   -1.8563   -1.8563   -0.5736   -0.5736
  868.0000   -1.8334   -1.8334   -0.3073   -0.3073
  869.0000   -1.6635   -1.6881   -0.0204    0.0453
  870.0000   -1.4629   -1.4629    0.2441    0.2441
  871.0000   -1.1504   -1.1504    0.1235    0.1235
  872.0000   -0.7637   -0.7637   -0.0371   -0.0371
  873.0000   -0.5003   -0.5003    0.1438    0.1438
  874.0000   -0.4044   -0.4044    0.3539    0.3539
  875.0000   -0.1266   -0.1266    0.3642    0.3642
  876.0000    0.3018    0.3018    0.5063    0.5063
  877.0000    0.7148    0.7148    0.8410    0.8410
  878.0000    0.9446    0.9446    1.1280    1.1280
  879.0000    0.9973    0.9973    1.0712    1.0712
  880.0000    1.1510    1.1510    1.2685    1.2685
  881.0000    1.0964    1.1378    1.3679    1.3435
  882.0000    0.9044    0.9044    1.2948    1.2948
  883.0000    0.5658    0.5658    1.1813    1.1813
  884.0000    0.4290    0.4290    0.7423    0.7423
  885.0000    0.5185    0.5185    0.3623    0.3623
  886.0000    0.6892    0.6892    0.4476    0.4476
  887.0000    0.9070    0.9070    0.6584    0.6584
  888.0000    1.0596    1.0596    0.6208    0.6208
  889.0000    1.3325    1.3325    0.3282    0.3282
  890.0000    1.4180    1.4180    0.1090    0.1090
  891.0000    1.1490    1.1490    0.1339    0.1339
  892.0000    0.8206    0.8206    0.2658    0.2658
  893.0000    0.5633    0.5633    0.3042    0.3042
  894.0000    0.5137    0.5137    0.3910    0.3910
  895.0000    0.0747    0.0747    0.4433    0.4433
  896.0000   -0.2350   -0.2350    0.5334    0.5334
  897.0000   -0.2782   -0.2782    0.4176    0.4176
  898.0000    0.0521    0.0521    0.1062    0.1062
  899.0000    0.1398    0.1398   -0.1146   -0.1146
  900.0000    0.0008    0.0569   -0.0603   -0.1123
  901.0000    0.0900    0.0900    0.1655    0.1655
  902.0000    0.3599    0.3599    0.5991    0.5991
  903.0000    0.5435    0.5435    0.6652    0.6652
  904.0000    0.7716    0.7716    0.6657    0.6657
  905.0000    0.9073    0.9073    0.9083    0.9083
  906.0000    1.2020    1.2020    1.2758    1.2758
  907.0000    1.4871    1.4871    1.4329    1.4329
  908.0000    1.5162    1.5162    1.5444    1.5444
  909.0000    1.4055    1.4055    1.7430    1.7430
  910.0000    1.0169    1.0169    1.8494    1.8494
  911.0000    0.7432    0.7432    1.8374    1.8374
  912.0000    0.7659    0.7659    1.7668    1.7668
  913.0000    0.7009    0.7009    1.8640    1.8640
  914.0000    0.3480    0.3480    1.5397    1.5397
  915.0000   -0.0986   -0.0986    1.1173    1.1173
  916.0000   -0.5735   -0.5735    0.5279    0.5279
  917.0000   -0.9436   -0.9436    0.2480    0.2480
  918.0000   -0.9911   -0.9911    0.0370    0.0370
  919.0000   -0.7992   -0.7992   -0.2768   -0.2768
  920.0000   -0.5203   -0.5203   -0.5835   -0.5835
  921.0000   -0.2273   -0.2273   -1.0837   -1.0837
  922.0000   -0.3510   -0.1934   -1.4926   -1.4482
  923.0000   -0.1780   -0.1780   -1.5814   -1.5814
  924.0000    0.1400    0.1005   -1.4970   -1.4837
  925.0000    0.4725    0.4725   -1.1076   -1.1076
  926.0000    0.6510    0.6510   -0.5019   -0.5019
  927.0000    0.5801    0.5801    0.0730    0.0730
  928.0000    0.7504    0.7504    0.7917    0.7917
  929.0000    0.5124    0.5124    0.9978    0.9978
  930.0000    0.1830    0.1830    0.8998    0.8998
  931.0000   -0.1561   -0.1561    0.7095    0.7095
  932.0000   -0.2749   -0.2749    0.4404    0.4404
  933.0000    0.1515    0.1515    0.2822    0.2822
  934.0000    0.6717    0.6717    0.2487    0.2487
  935.0000    0.9208    0.9208    0.4423    0.4423
  936.0000    1.0873    1.0873    0.9146    0.9146
  937.0000    0.9478    0.9478    1.3798    1.3798
  938.0000    0.7756    0.7756    1.2073    1.2073
  939.0000    0.5964    0.5964    0.8276    0.8276
  940.0000    0.7072    0.7072    0.5620    0.5620
  941.0000    0.6555    0.6555    0.5771    0.5771
  942.0000    0.5539    0.5539    0.4995    0.4995
  943.0000    0.5264    0.5264    0.6025    0.6025
  944.0000    0.4510    0.4510    0.7267    0.7267
  945.0000    0.2722    0.2722    0.6418    0.6418
  946.0000    0.2791    0.2791    0.7142    0.7142
  947.0000    0.2618    0.2618    0.5760    0.5760
  948.0000    0.2130    0.2130    0.4836    0.4836
  949.0000    0.1393    0.1393    0.4030    0.4030
  950.0000    0.1366    0.1366    0.4207    0.4207
  951.0000    0.1681    0.1681    0.2532    0.2532
  952.0000    0.3024    0.2527    0.1326    0.0680
  953.0000    0.2584    0.2584   -0.0660   -0.0660
  954.0000    0.0717    0.0717   -0.0673   -0.0673
  955.0000   -0.1686   -0.1686    0.2236    0.2236
  956.0000   -0.3813   -0.3813    0.3293    0.3293
  957.0000   -0.6182   -0.6182    0.4366    0.4366
  958.0000   -0.5576   -0.5576    0.4703    0.4703
  959.0000   -0.6386   -0.6386    0.2474    0.2474
  960.0000   -0.6903   -0.6903    0.1393    0.1393
  961.0000   -0.8028   -0.8028    0.1683    0.1683
  962.0000   -0.9820   -0.9820    0.0180    0.0180
  963.0000   -1.0546   -1.0546   -0.2291   -0.2291
  964.0000   -1.2201   -1.2201   -0.1956   -0.1956
  965.0000   -1.0367   -1.0367   -0.2529   -0.2529
  966.0000   -0.6765   -0.6765   -0.6189   -0.6189
  967.0000   -0.7570   -0.7570   -0.9807   -0.9807
  968.0000   -0.6742   -0.6742   -1.2788   -1.2788
  969.0000   -0.6375   -0.6375   -1.4511   -1.4511
  970.0000   -0.6287   -0.6287   -1.5445   -1.5445
  971.0000   -0.4974   -0.4974   -1.3956   -1.3956
  972.0000   -0.1180   -0.1180   -1.2174   -1.2174
  973.0000    0.1336    0.1336   -0.9893   -0.9893
  974.0000    0.0452   -0.0064   -0.9789   -0.9901
  975.0000   -0.3541   -0.3541   -1.0980   -1.0980
  976.0000   -0.6784   -0.6784   -1.1428   -1.1428
  977.0000   -0.8869   -0.8869   -1.1991   -1.1991
  978.0000   -0.8055   -0.8055   -1.1017   -1.1017
  979.0000   -0.7535   -0.7535   -1.0350   -1.0350
  980.0000   -0.6531   -0.6531   -1.4110   -1.4110
  981.0000   -0.6749   -0.6749   -1.8616   -1.8616
  982.0000   -0.3169   -0.3169   -2.1310   -2.1310
  983.0000   -0.0187   -0.0187   -2.1001   -2.1001
  984.0000    0.2454    0.2454   -1.7331   -1.7331
  985.0000    0.4907    0.4907   -1.1564   -1.1564
  986.0000    0.2847    0.2847   -0.7161   -0.7161
  987.0000   -0.2102   -0.2102   -0.4859   -0.4859
  988.0000   -0.8104   -0.8104   -0.3613   -0.3613
  989.0000   -1.2672   -1.2672   -0.2003   -0.2003
  990.0000   -1.3494   -1.3494   -0.2215   -0.2215
  991.0000   -1.3094   -1.3094    0.0736    0.0736
  992.0000   -1.3399   -1.3399    0.4543    0.4543
  993.0000   -1.4609   -1.4609    0.3652    0.3652
  994.0000   -1.4595   -1.4595    0.2752    0.2752
  995.0000   -1.2191   -1.2191    0.3444    0.3444
  996.0000   -1.1339   -0.9990    0.7454    0.2816
  997.0000   -0.8874   -0.8463    0.9183    0.0678
  998.0000   -0.6795   -0.7271    0.5998   -0.2218
  999.0000   -0.5678   -0.6076   -0.1355   -0.5116
 1000.0000   -0.4540   -0.4540   -0.7266   -0.7266
 1001.0000   -0.2729   -0.2729   -0.7927   -0.7927
 1002.0000   -0.1846   -0.1846   -0.6984   -0.6984
 1003.0000   -0.1214   -0.1703   -0.5919   -0.6090
 1004.0000   -0.3153   -0.2244   -0.4438   -0.5382
 1005.0000   -0.3571   -0.3571   -0.4477   -0.4477
 1006.0000   -0.6048   -0.6048   -0.2921   -0.2921
 1007.0000   -0.9407   -0.9407   -0.0330   -0.0330
 1008.0000   -0.8692   -0.8692    0.2062    0.2062
 1009.0000   -0.4207   -0.4207    0.1986    0.1986
 1010.0000    0.2295    0.2295   -0.1088   -0.1088
 1011.0000    0.5529    0.5529   -0.4180   -0.4180
 1012.0000    0.2473    0.2473   -0.5173   -0.5173
 1013.0000    0.0067    0.0067   -0.7798   -0.7798
 1014.0000   -0.0336   -0.0336   -0.8027   -0.8027
 1015.0000   -0.1700   -0.1700   -0.6791   -0.6791
 1016.0000   -0.3340   -0.3340   -0.3583   -0.3583
 1017.0000   -0.2594   -0.2594   -0.1405   -0.1405
 1018.0000   -0.0405   -0.0405   -0.0131   -0.0131
 1019.0000   -0.0928   -0.0928    0.2000    0.2000
 1020.0000   -0.2163   -0.2163    0.3419    0.3419
 1021.0000   -0.2667   -0.2667    0.3737    0.3737
 1022.0000   -0.0091   -0.0091    0.6470    0.6470
 1023.0000    0.2528    0.2528    1.0157    1.0157
