    0.0000   -0.4389   -0.4389   -0.8778   -0.8778
    1.0000   -0.2480   -0.2480   -1.1547   -1.1547
    2.0000    0.0369    0.0369   -1.0098   -1.0098
    3.0000    0.3084    0.3084   -0.6547   -0.6547
    4.0000    0.4899    0.4899   -0.3470   -0.3470
    5.0000    0.6516    0.6516   -0.0458   -0.0458
    6.0000    0.5606    0.5606    0.0135    0.0135
    7.0000    0.2473    0.2473   -0.1696   -0.1696
    8.0000    0.1667    0.1667   -0.3382   -0.3382
    9.0000    0.1307    0.1307   -0.4111   -0.4111
   10.0000   -0.1945   -0.1945   -0.3407   -0.3407
   11.0000   -0.4011   -0.4011   -0.5687   -0.5687
   12.0000   -0.2743   -0.2743   -0.8558   -0.8558
   13.0000   -0.1113   -0.1113   -1.4063   -1.4063
   14.0000   -0.1465   -0.1465   -1.8630   -1.8630
   15.0000   -0.0346   -0.0346   -2.0292   -2.0292
   16.0000    0.2096    0.2096   -1.6960   -1.6960
   17.0000    0.3168    0.3168   -1.3351   -1.3351
   18.0000    0.3263    0.3263   -0.9877   -0.9877
   19.0000    0.3307    0.3585   -0.7657   -0.7707
   20.0000    0.3412    0.3412   -0.6354   -0.6354
   21.0000    0.1585    0.1585   -0.4016   -0.4016
   22.0000   -0.1658   -0.1658    0.1776    0.1776
   23.0000   -0.3132   -0.3132    0.7712    0.7712
   24.0000   -0.4254   -0.4254    1.4230    1.4230
   25.0000   -0.5556   -0.5556    1.7552    1.7552
   26.0000   -0.5968   -0.5968    1.7878    1.7878
   27.0000   -0.8151   -0.8151    1.6211    1.6211
   28.0000   -0.8589   -0.8589    1.6584    1.6584
   29.0000   -0.6303   -0.6303    1.4356    1.4356
   30.0000   -0.0905   -0.0905    1.0529    1.0529
   31.0000    0.1575    0.1575    0.5939    0.5939
   32.0000    0.0844    0.0844    0.2119    0.2119
   33.0000   -0.2785   -0.2785    0.2586    0.2586
   34.0000   -0.5562   -0.5562    0.3831    0.3831
   35.0000   -0.6763   -0.6763    0.5946    0.5946
   36.0000   -0.6083   -0.6083    0.7156    0.7156
   37.0000   -0.4821   -0.4821    0.6304    0.6304
   38.0000   -0.4229   -0.4229    0.2808    0.2808
   39.0000   -0.2451   -0.2451   -0.5374   -0.5374
   40.0000    0.0341    0.0341   -1.4195   -1.4195
   41.0000    0.1742    0.1742   -2.0699   -2.0699
   42.0000    0.2869    0.2869   -2.4652   -2.4652
   43.0000    0.5558    0.5558   -2.6454   -2.6454
   44.0000    0.9957    0.9957   -2.3795   -2.3795
   45.0000    1.3752    1.3752   -1.7950   -1.7950
   46.0000    1.7181    1.7181   -1.1143   -1.1143
   47.0000    1.7044    1.7044   -0.3947   -0.3947
   48.0000    1.2776    1.2776    0.1238    0.1238
   49.0000    0.8532    0.8532    0.2450    0.2450
   50.0000    0.5940    0.5940    0.1518    0.1518
   51.0000    0.4087    0.4087    0.0229    0.0229
   52.0000    0.4477    0.4477   -0.1429   -0.1429
   53.0000    0.7381    0.7381   -0.2884   -0.2884
   54.0000    1.0023    1.0023   -0.2727   -0.2727
   55.0000    1.0826    1.0826    0.0735    0.0735
   56.0000    0.8469    0.8469    0.2142    0.2142
   57.0000    0.4405    0.4405    0.1426    0.1426
   58.0000    0.2603    0.2603    0.1867    0.1867
   59.0000    0.1497    0.1497    0.5401    0.5401
   60.0000    0.1322    0.1322    0.8757    0.8757
   61.0000    0.2191    0.2191    1.0428    1.0428
   62.0000    0.3633    0.3538    1.0882    1.0839
   63.0000    0.5205    0.4575    1.0680    1.0731
   64.0000    0.4489    0.4489    1.0847    1.0847
   65.0000    0.3265    0.3265    1.1744    1.1744
   66.0000    0.2984    0.2984    1.2799    1.2799
   67.0000    0.2797    0.2797    1.2459    1.2459
   68.0000    0.2774    0.2774    1.1858    1.1858
   69.0000    0.1233    0.1233    1.0891    1.0891
   70.0000   -0.1911   -0.1911    0.9405    0.9405
   71.0000   -0.4855   -0.4855    0.6544    0.6544
   72.0000   -0.4941   -0.4941    0.2897    0.2897
   73.0000   -0.5996   -0.6214    0.1831    0.1673
   74.0000   -0.7021   -0.9262    0.3373    0.2806
   75.0000   -1.0763   -1.3261    0.5891    0.5195
   76.0000   -1.6684   -1.7385    0.8608    0.7739
   77.0000   -2.0808   -2.0808    0.9338    0.9338
   78.0000   -2.2930   -2.2930    0.9713    0.9713
   79.0000   -2.3725   -2.3725    0.9945    0.9945
   80.0000   -2.2556   -2.2556    0.6654    0.6654
   81.0000   -2.1516   -2.1516    0.2774    0.2774
   82.0000   -2.4460   -2.4460   -0.1246   -0.1246
   83.0000   -2.5550   -2.5550   -0.4041   -0.4041
   84.0000   -2.4596   -2.4596   -0.4956   -0.4956
   85.0000   -2.1289   -2.1289   -0.8344   -0.8344
   86.0000   -1.5116   -1.5116   -1.1121   -1.1121
   87.0000   -0.5850   -0.5850   -1.1285   -1.1285
   88.0000    0.2638    0.2638   -1.0055   -1.0055
   89.0000    0.8904    0.8904   -0.7257   -0.7257
   90.0000    1.3343    1.3343   -0.4092   -0.4092
   91.0000    1.6448    1.6448   -0.1237   -0.1237
   92.0000    1.8833    1.8833    0.0238    0.0238
   93.0000    2.1224    2.1224    0.1165    0.1165
   94.0000    2.3319    2.3319    0.1321    0.1321
   95.0000    2.3481    2.3481    0.0245    0.0245
   96.0000    2.1025    2.1025   -0.3052   -0.3052
   97.0000    1.8722    1.8722   -0.6791   -0.6791
   98.0000    1.7113    1.7113   -0.8696   -0.8696
   99.0000    1.5611    1.5611   -0.8290   -0.8290
  100.0000    1.2607    1.2607   -0.4401   -0.4401
  101.0000    1.2184    1.2184   -0.0263   -0.0263
  102.0000    1.1247    1.1247    0.3995    0.3995
  103.0000    0.8060    0.8060    0.7489    0.7489
  104.0000    0.3700    0.3700    1.0526    1.0526
  105.0000    0.0687    0.0687    1.4215    1.4215
  106.0000    0.0105    0.0105    1.6768    1.6768
  107.0000    0.0756    0.0756    1.8204    1.8204
  108.0000    0.2676    0.2676    1.5985    1.5985
  109.0000    0.2031    0.2517    1.2761    1.3028
  110.0000    0.1054    0.1054    0.8721    0.8721
  111.0000    0.0113    0.0113    0.2701    0.2701
  112.0000   -0.0725   -0.0725   -0.1067   -0.1067
  113.0000   -0.3446   -0.3446   -0.4845   -0.4845
  114.0000   -0.3415   -0.3415   -0.8292   -0.8292
  115.0000   -0.2313   -0.2313   -0.9688   -0.9688
  116.0000   -0.2822   -0.2822   -0.8945   -0.8945
  117.0000   -0.4850   -0.4850   -1.0239   -1.0239
  118.0000   -1.1372   -1.1372   -1.0023   -1.0023
  119.0000   -1.6568   -1.6568   -0.9115   -0.9115
  120.0000   -1.8805   -1.8805   -0.8330   -0.8330
  121.0000   -1.9244   -1.9244   -0.7603   -0.7603
  122.0000   -2.1507   -2.1507   -0.8150   -0.8150
  123.0000   -2.4822   -2.4822   -0.5922   -0.5922
  124.0000   -2.6049   -2.6049   -0.2755   -0.2755
  125.0000   -2.2898   -2.2987    0.2662    0.2327
  126.0000   -1.7268   -1.7268    0.7497    0.7497
  127.0000   -1.1335   -1.1335    1.0822    1.0822
  128.0000   -0.7026   -0.7026    1.3227    1.3227
  129.0000   -0.5757   -0.5757    1.3742    1.3742
  130.0000   -0.8199   -0.8199    1.4931    1.4931
  131.0000   -1.1946   -1.1946    1.5537    1.5537
  132.0000   -1.6070   -1.5541    1.4614    1.4276
  133.0000   -1.8129   -1.8129    1.1232    1.1232
  134.0000   -1.9361   -1.9026    0.6645    0.7037
  135.0000   -1.8083   -1.8083    0.3433    0.3433
  136.0000   -1.5793   -1.5793    0.2310    0.2310
  137.0000   -1.3704   -1.3704    0.3720    0.3720
  138.0000   -1.0754   -1.0754    0.3538    0.3538
  139.0000   -0.7807   -0.7807    0.0885    0.0885
  140.0000   -0.5530   -0.5530   -0.3594   -0.3594
  141.0000   -0.2729   -0.2729   -0.3343   -0.3343
  142.0000   -0.1409   -0.1409   -0.1425   -0.1425
  143.0000   -0.0097    0.0030    0.1652    0.0470
  144.0000    0.1520    0.1683    0.5523    0.2393
  145.0000    0.2369    0.2912    0.6805    0.4546
  146.0000    0.3081    0.3081    0.7133    0.7133
  147.0000    0.2220    0.2220    0.9872    0.9872
  148.0000    0.2297    0.2297    1.0976    1.0976
  149.0000    0.2846    0.2846    1.0146    1.0146
  150.0000    0.2504    0.2504    0.9058    0.9058
  151.0000    0.2289    0.2289    1.0320    1.0320
  152.0000    0.4946    0.4946    1.1325    1.1325
  153.0000    0.8955    0.8955    0.9897    0.9897
  154.0000    1.1132    1.1132    0.8700    0.8700
  155.0000    1.2024    1.2367    0.6628    0.6946
  156.0000    1.3159    1.3563    0.3418    0.4188
  157.0000    1.5325    1.5325    0.0400    0.0400
  158.0000    1.7530    1.7530   -0.3978   -0.3978
  159.0000    1.8923    1.7885   -0.6361   -0.7143
  160.0000    1.6459    1.6357   -0.8984   -0.8788
  161.0000    1.3655    1.3655   -0.9097   -0.9097
  162.0000    1.0869    1.0869   -0.7496   -0.7496
  163.0000    0.9806    0.9806   -0.3386   -0.3386
  164.0000    0.9849    0.9849   -0.3390   -0.3390
  165.0000    0.9864    0.9864   -0.3069   -0.3069
  166.0000    0.6807    0.6807   -0.3184   -0.3184
  167.0000    0.2852    0.2852   -0.6719   -0.6719
  168.0000   -0.0227   -0.0227   -1.0961   -1.0961
  169.0000   -0.2180   -0.2180   -1.2595   -1.2595
  170.0000   -0.0401   -0.0401   -1.2634   -1.2634
  171.0000    0.3149    0.3149   -0.9970   -0.9970
  172.0000    0.5677    0.5677   -0.6764   -0.6764
  173.0000    0.6598    0.6452   -0.2777   -0.2610
  174.0000    0.7443    0.7443   -0.0382   -0.0382
  175.0000    1.0197    1.0197   -0.2370   -0.2370
  176.0000    1.2810    1.2810   -0.5305   -0.5305
  177.0000    1.4584    1.4584   -0.9002   -0.9002
  178.0000    1.4666    1.4666   -1.2756   -1.2756
  179.0000    1.1238    1.1238   -1.6841   -1.6841
  180.0000    0.6665    0.6665   -1.8843   -1.8843
  181.0000    0.3079    0.3079   -1.8812   -1.8812
  182.0000    0.0185   -0.0418   -1.7569   -1.7813
  183.0000   -0.3214   -0.3214   -1.6305   -1.6305
  184.0000   -0.4587   -0.4376   -1.4051   -1.4385
  185.0000   -0.4088   -0.4088   -1.1383   -1.1383
  186.0000   -0.3060   -0.3060   -0.6952   -0.6952
  187.0000   -0.2932   -0.2932   -0.2437   -0.2437
  188.0000   -0.4967   -0.4967    0.0918    0.0918
  189.0000   -0.8659   -0.8659    0.0835    0.0835
  190.0000   -1.1841   -1.1841   -0.0045   -0.0045
  191.0000   -1.1841   -1.1841   -0.4180   -0.4180
  192.0000   -1.2515   -1.2515   -0.8200   -0.8200
  193.0000   -1.2974   -1.2974   -0.9971   -0.9971
  194.0000   -1.1465   -1.1465   -0.9545   -0.9545
  195.0000   -0.9339   -0.9339   -0.7989   -0.7989
  196.0000   -0.6239   -0.6239   -0.5640   -0.5640
  197.0000   -0.1342   -0.1342   -0.5133   -0.5133
  198.0000    0.0493    0.0493   -0.2879   -0.2879
  199.0000   -0.1513   -0.1513    0.3496    0.3496
  200.0000   -0.1722   -0.1722    0.6982    0.6982
  201.0000   -0.1335   -0.1335    0.8472    0.8472
  202.0000   -0.1007   -0.1007    0.8876    0.8876
  203.0000    0.1937    0.1937    0.9308    0.9308
  204.0000    0.5957    0.5957    1.0070    1.0070
  205.0000    0.8473    0.8473    1.1180    1.1180
  206.0000    1.0660    1.0660    1.3463    1.3463
  207.0000    1.1641    1.1641    1.3149    1.3149
  208.0000    1.3585    1.3585    1.1924    1.1924
  209.0000    1.2185    1.2185    0.9317    0.9317
  210.0000    0.9032    0.9032    0.8881    0.8881
  211.0000    0.5929    0.5929    0.8856    0.8856
  212.0000    0.4451    0.4451    1.2214    1.2214
  213.0000    0.3033    0.3033    1.4985    1.4985
  214.0000    0.2292    0.2292    1.5743    1.5743
  215.0000    0.1809    0.2645    1.4420    1.3703
  216.0000    0.3599    0.3599    0.9613    0.9613
  217.0000    0.4213    0.4213    0.5173    0.5173
  218.0000    0.2908    0.2908    0.3283    0.3283
  219.0000    0.0604    0.0604    0.3959    0.3959
  220.0000    0.0345    0.0345    0.5766    0.5766
  221.0000   -0.0485   -0.0485    0.9441    0.9441
  222.0000   -0.2173   -0.2173    1.4132    1.4132
  223.0000   -0.4060   -0.4060    1.3818    1.3818
  224.0000   -0.6368   -0.6270    1.3529    1.3994
  225.0000   -0.8381   -0.8918    1.5481    1.5490
  226.0000   -1.2680   -1.2059    1.7754    1.6965
  227.0000   -1.5753   -1.5753    1.7082    1.7082
  228.0000   -1.9391   -1.9890    1.4316    1.4734
  229.0000   -2.3708   -2.3708    0.9736    0.9736
  230.0000   -2.6255   -2.6255    0.2520    0.2520
  231.0000   -2.7178   -2.7178   -0.5145   -0.5145
  232.0000   -2.7559   -2.7559   -1.1441   -1.1441
  233.0000   -2.5741   -2.5741   -1.3999   -1.3999
  234.0000   -2.4458   -2.4458   -1.4355   -1.4355
  235.0000   -2.2574   -2.2574   -1.4291   -1.4291
  236.0000   -2.0981   -2.0981   -1.0188   -1.0188
  237.0000   -1.8609   -1.8609   -0.6930   -0.6930
  238.0000   -1.5117   -1.5117   -0.6022   -0.6022
  239.0000   -1.2743   -1.2743   -0.7192   -0.7192
  240.0000   -0.8560   -0.8560   -0.6386   -0.6386
  241.0000   -0.2870   -0.2870   -0.2818   -0.2818
  242.0000    0.3635    0.3635   -0.1858   -0.1858
  243.0000    0.8277    0.8277   -0.1038   -0.1038
  244.0000    0.9349    0.9349   -0.0852   -0.0852
  245.0000    0.7954    0.7954    0.1334    0.1334
  246.0000    0.7261    0.7261    0.0781    0.0781
  247.0000    0.7341    0.7341   -0.1135   -0.1135
  248.0000    0.7575    0.7575   -0.6087   -0.6087
  249.0000    0.7379    0.7379   -0.8549   -0.8549
  250.0000    0.6767    0.6767   -1.1165   -1.1165
  251.0000    0.3912    0.3912   -1.2964   -1.2964
  252.0000    0.6015    0.6015   -1.1452   -1.1452
  253.0000    0.7710    0.7710   -0.7700   -0.7700
  254.0000    0.8784    0.8784   -0.3436   -0.3436
  255.0000    0.9485    0.9886   -0.0501   -0.1271
  256.0000    0.9563    0.9563   -0.0711   -0.0711
  257.0000    0.7254    0.7254    0.0120    0.0120
  258.0000    0.6336    0.6336    0.2974    0.2974
  259.0000    0.6141    0.6141    0.3972    0.3972
  260.0000    0.5546    0.5546    0.4461    0.4461
  261.0000    0.3808    0.3808    0.4188    0.4188
  262.0000    0.1436    0.1436    0.2930    0.2930
  263.0000   -0.0492   -0.0492    0.3086    0.3086
  264.0000   -0.1789   -0.1789    0.3746    0.3746
  265.0000   -0.1763   -0.1763    0.4491    0.4491
  266.0000   -0.1527   -0.1527    0.6343    0.6343
  267.0000   -0.0759   -0.0759    0.9181    0.9181
  268.0000    0.3300    0.3300    0.9722    0.9722
  269.0000    0.7333    0.7333    1.0239    1.0239
  270.0000    0.7187    0.7187    0.8866    0.8866
  271.0000    0.4729    0.4729    0.6867    0.6867
  272.0000    0.0373    0.0373    0.5062    0.5062
  273.0000   -0.4900   -0.4900    0.2510    0.2510
  274.0000   -0.9411   -0.9411   -0.0389   -0.0389
  275.0000   -1.1860   -1.1860   -0.2237   -0.2237
  276.0000   -1.2257   -1.2257   -0.2796   -0.2796
  277.0000   -1.3173   -1.3173   -0.2066   -0.2066
  278.0000   -1.5313   -1.4503   -0.3022   -0.2233
  279.0000   -1.4623   -1.4984   -0.4709   -0.3014
  280.0000   -1.3276   -1.3276   -0.3300   -0.3300
  281.0000   -0.8960   -0.8960   -0.2635   -0.2635
  282.0000   -0.4634   -0.4657   -0.4028   -0.2614
  283.0000   -0.1326   -0.1326   -0.3280   -0.3280
  284.0000    0.0740    0.0740   -0.4672   -0.4672
  285.0000    0.1440    0.1440   -0.7684   -0.7684
  286.0000    0.1451    0.1451   -0.9563   -0.9563
  287.0000    0.1782    0.1782   -0.9906   -0.9906
  288.0000    0.0309    0.0309   -0.7452   -0.7452
  289.0000   -0.1982   -0.1982   -0.5699   -0.5699
  290.0000   -0.2395   -0.2395   -0.6369   -0.6369
  291.0000    0.0208    0.0208   -0.7732   -0.7732
  292.0000    0.2546    0.2546   -0.9227   -0.9227
  293.0000    0.5014    0.5014   -0.8726   -0.8726
  294.0000    0.6162    0.6162   -0.8037   -0.8037
  295.0000    0.6077    0.6077   -0.7938   -0.7938
  296.0000    0.7689    0.7689   -0.5059   -0.5059
  297.0000    0.9451    0.9451   -0.3074   -0.3074
  298.0000    1.3228    1.1768   -0.1744   -0.1335
  299.0000    1.4405    1.4405   -0.0467   -0.0467
  300.0000    1.6420    1.6420   -0.1553   -0.1553
  301.0000    1.6334    1.6334   -0.4070   -0.4070
  302.0000    1.4331    1.4331   -0.6465   -0.6465
  303.0000    1.0804    1.0804   -0.8024   -0.8024
  304.0000    1.2356    1.2356   -0.9760   -0.9760
  305.0000    1.7923    1.7567   -1.2141   -1.1586
  306.0000    2.3270    2.3270   -1.2423   -1.2423
  307.0000    2.6391    2.6391   -1.1789   -1.1789
  308.0000    2.4705    2.4705   -1.0213   -1.0213
  309.0000    2.0491    2.0491   -0.4884   -0.4884
  310.0000    1.4564    1.4564   -0.2236   -0.2236
  311.0000    0.9786    0.9786    0.1102    0.1102
  312.0000    0.5272    0.5272    0.1884    0.1884
  313.0000    0.0782    0.0782    0.1670    0.1670
  314.0000   -0.3210   -0.2850   -0.0218    0.1183
  315.0000   -0.5606   -0.5245   -0.0718    0.0703
  316.0000   -0.6190   -0.6190    0.0595    0.0595
  317.0000   -0.5646   -0.5646    0.1134    0.1134
  318.0000   -0.4480   -0.4480    0.2257    0.2257
  319.0000   -0.4107   -0.4107    0.4203    0.4203
  320.0000   -0.4065   -0.4065    0.7365    0.7365
  321.0000   -0.3296   -0.3296    0.9132    0.9132
  322.0000   -0.3449   -0.3449    0.9057    0.9057
  323.0000   -0.5796   -0.5796    0.6490    0.6490
  324.0000   -0.9205   -0.9205    0.3113    0.3113
  325.0000   -1.0485   -1.0485   -0.0387   -0.0387
  326.0000   -1.1685   -1.1685   -0.1289   -0.1289
  327.0000   -1.0610   -1.0610   -0.0475   -0.0475
  328.0000   -0.8048   -0.8048    0.1199    0.1199
  329.0000   -0.4391   -0.4391    0.2123    0.2123
  330.0000    0.0665    0.0665   -0.0648   -0.0648
  331.0000    0.5096    0.5096   -0.3031   -0.3031
  332.0000    0.5922    0.5922   -0.1891   -0.1891
  333.0000    0.3465    0.3465   -0.1191   -0.1191
  334.0000   -0.0549   -0.0549   -0.1156   -0.1156
  335.0000   -0.4479   -0.4479   -0.1026   -0.1026
  336.0000   -0.8147   -0.8147   -0.4916   -0.4916
  337.0000   -0.9535   -0.9535   -1.1132   -1.1132
  338.0000   -0.8372   -0.8372   -1.5941   -1.5941
  339.0000   -0.7815   -0.7815   -1.7141   -1.7141
  340.0000   -0.7256   -0.7256   -1.3838   -1.3838
  341.0000   -0.5999   -0.5999   -0.8965   -0.8965
  342.0000   -0.4090   -0.4090   -0.5710   -0.5710
  343.0000   -0.2478   -0.2478   -0.5365   -0.5365
  344.0000   -0.1846   -0.1846   -0.7154   -0.7154
  345.0000   -0.0977   -0.0977   -0.7236   -0.7236
  346.0000   -0.0638   -0.0638   -0.7177   -0.7177
  347.0000    0.0809    0.0809   -0.7695   -0.7695
  348.0000   -0.0592   -0.0592   -0.7265   -0.7265
  349.0000   -0.2206   -0.2206   -0.2484   -0.2484
  350.0000   -0.5420   -0.5420    0.3094    0.3094
  351.0000   -0.8499   -0.8499    0.8738    0.8738
  352.0000   -0.9679   -0.9679    1.5064    1.5064
  353.0000   -0.7324   -0.7324    2.1470    2.1470
  354.0000   -0.3280   -0.3280    2.3299    2.3299
  355.0000   -0.2812   -0.2812    2.1224    2.1224
  356.0000   -0.3096   -0.3096    1.7652    1.7652
  357.0000   -0.4671   -0.4671    1.5435    1.5435
  358.0000   -0.7388   -0.7388    1.3343    1.3343
  359.0000   -0.7235   -0.7235    1.2862    1.2862
  360.0000   -0.1993   -0.1993    1.5152    1.5152
  361.0000    0.5876    0.5876    1.8396    1.8396
  362.0000    0.9373    0.9373    2.1377    2.1377
  363.0000    0.9708    0.9708    2.0337    2.0337
  364.0000    0.8544    0.8544    1.6830    1.6830
  365.0000    0.7193    0.7193    1.2874    1.2874
  366.0000    0.5418    0.5418    1.0106    1.0106
  367.0000    0.4974    0.4974    0.8147    0.8147
  368.0000    0.5892    0.5892    0.6643    0.6643
  369.0000    0.6925    0.6925    0.6818    0.6818
  370.0000    0.5799    0.5799    0.4959    0.4959
  371.0000    0.4993    0.4993    0.3111    0.3111
  372.0000    0.5073    0.5073   -0.0785   -0.0785
  373.0000    0.3285    0.3285   -0.4275   -0.4275
  374.0000   -0.0658   -0.0658   -0.8068   -0.8068
  375.0000   -0.2980   -0.2980   -1.2915   -1.2915
  376.0000   -0.5010   -0.5010   -1.5592   -1.5592
  377.0000   -0.8216   -0.8216   -1.4941   -1.4941
  378.0000   -1.0361   -1.0361   -1.2184   -1.2184
  379.0000   -1.0422   -1.0422   -0.5954   -0.5954
  380.0000   -0.7891   -0.7891   -0.0384   -0.0384
  381.0000   -0.4039   -0.4428    0.2244    0.1960
  382.0000   -0.0785   -0.0785    0.1982    0.1982
  383.0000    0.2011    0.2011    0.0895    0.0895
  384.0000    0.1943    0.1943   -0.1290   -0.1290
  385.0000    0.2052    0.2052   -0.3268   -0.3268
  386.0000    0.2322    0.2322   -0.3221   -0.3221
  387.0000    0.0886    0.0771   -0.3904   -0.2812
  388.0000   -0.0851   -0.1744   -0.4136   -0.2492
  389.0000   -0.3549   -0.3549   -0.2137   -0.2137
  390.0000   -0.3163   -0.3163   -0.2163   -0.2163
  391.0000   -0.0770   -0.0770   -0.3801   -0.3801
  392.0000    0.0591    0.0591   -0.4480   -0.4480
  393.0000    0.0569    0.0569   -0.4520   -0.4520
  394.0000   -0.0568   -0.0568   -0.4569   -0.4569
  395.0000   -0.3360   -0.3360   -0.3845   -0.3845
  396.0000   -0.7096   -0.7096   -0.6001   -0.6001
  397.0000   -0.9275   -0.9275   -0.7472   -0.7472
  398.0000   -1.1994   -1.1994   -0.8298   -0.8298
  399.0000   -1.2675   -1.2675   -0.8952   -0.8952
  400.0000   -1.0755   -1.0755   -0.9186   -0.9186
  401.0000   -0.8123   -0.8123   -0.6603   -0.6603
  402.0000   -0.5097   -0.5097   -0.4532   -0.4532
  403.0000   -0.3840   -0.3840   -0.3848   -0.3848
  404.0000   -0.0517   -0.0517   -0.5318   -0.5318
  405.0000    0.1953    0.1953   -0.5951   -0.5951
  406.0000    0.4435    0.4435   -0.4521   -0.4521
  407.0000    0.5792    0.5792   -0.1870   -0.1870
  408.0000    0.7490    0.7490   -0.0394   -0.0394
  409.0000    0.8150    0.8150   -0.0764   -0.0764
  410.0000    0.8189    0.8189   -0.2540   -0.2540
  411.0000    0.8087    0.8087   -0.3736   -0.3736
  412.0000    0.9985    0.9985   -0.4848   -0.4848
  413.0000    1.2829    1.2829   -0.7332   -0.7332
  414.0000    1.4735    1.4735   -0.9401   -0.9401
  415.0000    1.5307    1.5307   -1.0042   -1.0042
  416.0000    1.6199    1.6199   -0.6948   -0.6948
  417.0000    1.7633    1.7633   -0.3351   -0.3351
  418.0000    2.0136    2.0136    0.0931    0.0931
  419.0000    2.3546    2.3546    0.4560    0.4560
  420.0000    2.5317    2.5317    0.6255    0.6255
  421.0000    2.5180    2.5180    0.8957    0.8957
  422.0000    2.4377    2.4377    1.3042    1.3042
  423.0000    2.2666    2.2666    1.4132    1.4132
  424.0000    1.9541    1.9541    1.1666    1.1666
  425.0000    1.4436    1.4436    0.7765    0.7765
  426.0000    0.9053    0.9053    0.4268    0.4268
  427.0000    0.1398    0.1398    0.2119    0.2119
  428.0000   -0.7620   -0.7620    0.0411    0.0411
  429.0000   -1.5738   -1.5738    0.2154    0.2154
  430.0000   -1.8229   -1.8229    0.1065    0.1065
  431.0000   -1.7115   -1.7115   -0.0740   -0.0740
  432.0000   -1.4826   -1.4826    0.0087    0.0087
  433.0000   -1.0915   -1.0915    0.1715    0.1715
  434.0000   -0.4751   -0.4751    0.2037    0.2037
  435.0000   -0.1123   -0.1123    0.0496    0.0496
  436.0000   -0.1224   -0.1224    0.0035    0.0035
  437.0000   -0.3043   -0.3043   -0.1397   -0.1397
  438.0000   -0.2019   -0.2019   -0.5681   -0.5681
  439.0000   -0.0430   -0.0430   -0.9426   -0.9426
  440.0000    0.0063    0.0063   -1.4275   -1.4275
  441.0000   -0.3795   -0.3795   -1.9842   -1.9842
  442.0000   -0.8298   -0.8298   -2.6110   -2.6110
  443.0000   -1.3855   -1.3855   -2.9631   -2.9631
  444.0000   -1.5796   -1.5796   -2.8264   -2.8264
  445.0000   -1.5384   -1.5384   -2.2753   -2.2753
  446.0000   -1.5723   -1.5723   -1.5394   -1.5394
  447.0000   -1.5545   -1.6325   -0.9387   -0.8763
  448.0000   -1.6599   -1.6599   -0.3356   -0.3356
  449.0000   -1.5923   -1.5923    0.0907    0.0907
  450.0000   -1.3792   -1.3792    0.3959    0.3959
  451.0000   -1.2698   -1.2698    0.5038    0.5038
  452.0000   -1.1502   -1.1502    0.4321    0.4321
  453.0000   -1.0611   -1.0611    0.3070    0.3070
  454.0000   -1.0668   -1.0668   -0.1295   -0.1295
  455.0000   -1.0598   -1.0598   -0.5873   -0.5873
  456.0000   -1.1191   -1.1191   -0.7331   -0.7331
  457.0000   -0.9236   -0.9236   -0.8398   -0.8398
  458.0000   -0.6233   -0.6233   -0.9569   -0.9569
  459.0000   -0.3948   -0.3948   -0.7815   -0.7815
  460.0000   -0.0663   -0.0663   -0.4198   -0.4198
  461.0000    0.4329    0.4329    0.2037    0.2037
  462.0000    0.7132    0.7132    0.6648    0.6648
  463.0000    0.6785    0.6785    0.9946    0.9946
  464.0000    0.5886    0.5886    0.9775    0.9775
  465.0000    0.7298    0.7298    0.6960    0.6960
  466.0000    0.9621    1.0602    0.4344    0.3186
  467.0000    1.2819    1.4186    0.0733   -0.0653
  468.0000    1.6346    1.6346   -0.3859   -0.3859
  469.0000    1.6083    1.6083   -0.5648   -0.5648
  470.0000    1.4931    1.4931   -0.5278   -0.5278
  471.0000    1.3778    1.3778   -0.3986   -0.3986
  472.0000    1.3069    1.3069   -0.4417   -0.4417
  473.0000    1.5303    1.5003   -0.5024   -0.5015
  474.0000    1.8552    1.8552   -0.4329   -0.4329
  475.0000    2.2014    2.2014   -0.0932   -0.0932
  476.0000    2.3973    2.3973    0.5523    0.5523
  477.0000    2.1495    2.1495    0.8450    0.8450
  478.0000    1.6620    1.6620    0.8057    0.8057
  479.0000    0.7802    0.7802    0.8156    0.8156
  480.0000    0.2425    0.2425    1.0013    1.0013
  481.0000   -0.0057   -0.0057    1.1034    1.1034
  482.0000   -0.1890   -0.1890    1.1382    1.1382
  483.0000   -0.1167   -0.1167    1.1366    1.1366
  484.0000    0.0499    0.0499    1.3476    1.3476
  485.0000    0.1461    0.1461    1.6860    1.6860
  486.0000    0.2184    0.2184    1.9573    1.9573
  487.0000    0.0023    0.0023    2.0919    2.0919
  488.0000   -0.5297   -0.5297    2.3718    2.3718
  489.0000   -1.1527   -1.1527    2.2807    2.2807
  490.0000   -1.3979   -1.3979    1.8390    1.8390
  491.0000   -1.3359   -1.3359    1.3318    1.3318
  492.0000   -1.1792   -1.1792    0.5414    0.5414
  493.0000   -1.1604   -1.1604   -0.1154   -0.1154
  494.0000   -1.3925   -1.3925   -0.5995   -0.5995
  495.0000   -1.3915   -1.3915   -0.7174   -0.7174
  496.0000   -1.4344   -1.4344   -0.6292   -0.6292
  497.0000   -1.7320   -1.7320   -0.7802   -0.7802
  498.0000   -1.9286   -1.9286   -1.0663   -1.0663
  499.0000   -1.7613   -1.7613   -1.3583   -1.3583
  500.0000   -1.3925   -1.3925   -1.7677   -1.7677
  501.0000   -1.0471   -1.0471   -2.0082   -2.0082
  502.0000   -0.8629   -0.8629   -1.8698   -1.8698
  503.0000   -0.6664   -0.6664   -1.5905   -1.5905
  504.0000   -0.2026   -0.2026   -1.3777   -1.3777
  505.0000    0.0506    0.0506   -1.3355   -1.3355
  506.0000    0.1435    0.1435   -1.0482   -1.0482
  507.0000    0.4851    0.4851   -0.7230   -0.7230
  508.0000    0.7597    0.7597   -0.3926   -0.3926
  509.0000    0.5316    0.5316   -0.1133   -0.1133
  510.0000    0.0045   -0.0553    0.0730    0.0746
  511.0000   -0.4220   -0.4220    0.0939    0.0939
  512.0000   -0.1735   -0.1735   -0.1570   -0.1570
  513.0000    0.1640    0.1640   -0.5776   -0.5776
  514.0000    0.3622    0.3622   -0.4903   -0.4903
  515.0000    0.4922    0.4922   -0.3399   -0.3399
  516.0000    0.3928    0.3928   -0.1075   -0.1075
  517.0000    0.4448    0.4448    0.2206    0.2206
  518.0000    0.4281    0.4268    0.2877    0.3291
  519.0000    0.3296    0.3296    0.3733    0.3733
  520.0000    0.2389    0.2389    0.5628    0.5628
  521.0000    0.1589    0.1589    0.6739    0.6739
  522.0000    0.0559    0.0559    0.3298    0.3298
  523.0000   -0.0525   -0.0525   -0.0520   -0.0520
  524.0000   -0.2583   -0.2583    0.0141    0.0141
  525.0000   -0.5469   -0.5469    0.1866    0.1866
  526.0000   -0.7428   -0.7428    0.3570    0.3570
  527.0000   -0.8434   -0.8434    0.3765    0.3765
  528.0000   -0.8163   -0.8163    0.3884    0.3884
  529.0000   -0.4556   -0.4556    0.7031    0.7031
  530.0000   -0.0246   -0.0246    1.1419    1.1419
  531.0000    0.4505    0.4505    1.2495    1.2495
  532.0000    0.8996    0.8996    1.1101    1.1101
  533.0000    1.1966    1.1966    0.8286    0.8286
  534.0000    1.1443    1.2643    0.6732    0.6047
  535.0000    1.0047    1.1224    0.6910    0.6051
  536.0000    0.8121    0.8121    0.9783    0.9783
  537.0000    0.4830    0.4830    1.6822    1.6822
  538.0000    0.4392    0.4392    2.0811    2.0811
  539.0000    0.2722    0.2722    2.0769    2.0769
  540.0000    0.2766    0.2766    1.8725    1.8725
  541.0000    0.4225    0.4225    1.4609    1.4609
  542.0000    0.6117    0.6117    1.0837    1.0837
  543.0000    0.6976    0.6976    1.1863    1.1863
  544.0000    0.9076    0.9076    1.3950    1.3950
  545.0000    0.9252    0.9252    1.5549    1.5549
  546.0000    0.5489    0.5489    1.4392    1.4392
  547.0000    0.1771    0.1771    1.2297    1.2297
  548.0000    0.2632    0.2632    0.9239    0.9239
  549.0000    0.5241    0.5403    0.5089    0.5109
  550.0000    0.7144    0.7541   -0.0105    0.0768
  551.0000    0.7038    0.7038   -0.2716   -0.2716
  552.0000    0.2948    0.2948   -0.4344   -0.4344
  553.0000   -0.1206   -0.1206   -0.3953   -0.3953
  554.0000   -0.1152   -0.1152   -0.2919   -0.2919
  555.0000    0.1812    0.1812   -0.0020   -0.0020
  556.0000    0.3137    0.3137    0.5946    0.5946
  557.0000    0.1367    0.3391    0.9476    1.1828
  558.0000   -0.0242    0.3088    1.0375    1.6586
  559.0000   -0.1395    0.2329    1.2166    2.0043
  560.0000   -0.0479    0.1216    1.6106    2.2018
  561.0000    0.0230   -0.0152    2.0807    2.2334
  562.0000   -0.1672   -0.1672    2.0811    2.0811
  563.0000   -0.2906   -0.2906    1.6308    1.6308
  564.0000   -0.2263   -0.2263    0.6933    0.6933
  565.0000    0.0582    0.0582   -0.0779   -0.0779
  566.0000    0.2931    0.2931   -0.7398   -0.7398
  567.0000    0.3339    0.3339   -1.0223   -1.0223
  568.0000    0.2845    0.2845   -1.0759   -1.0759
  569.0000    0.3933    0.3933   -0.9446   -0.9446
  570.0000    0.5861    0.5861   -0.9159   -0.9159
  571.0000    0.5112    0.5112   -1.0907   -1.0907
  572.0000    0.3814    0.3814   -1.3200   -1.3200
  573.0000    0.6077    0.6077   -1.5281   -1.5281
  574.0000    0.7373    0.7373   -1.7875   -1.7875
  575.0000    0.5105    0.5105   -1.9545   -1.9545
  576.0000    0.3509    0.3509   -1.9283   -1.9283
  577.0000    0.2320    0.2320   -1.9277   -1.9277
  578.0000    0.0698    0.0698   -1.6912   -1.6912
  579.0000   -0.1357   -0.1357   -1.0196   -1.0196
  580.0000   -0.0154   -0.0154   -0.2918   -0.2918
  581.0000    0.2899    0.2899    0.3752    0.3752
  582.0000    0.6084    0.5810    0.6407    0.7322
  583.0000    0.7541    0.7063    0.8363    0.7927
  584.0000    0.5196    0.5196    0.6578    0.6578
  585.0000    0.0136    0.0136    0.4870    0.4870
  586.0000   -0.4146   -0.4146    0.5928    0.5928
  587.0000   -0.7866   -0.8165    0.9276    1.0086
  588.0000   -1.3268   -1.3268    1.6310    1.6310
  589.0000   -1.9135   -1.9135    2.1843    2.1843
  590.0000   -2.1522   -2.1522    2.1415    2.1415
  591.0000   -2.2099   -2.2099    2.0608    2.0608
  592.0000   -2.0755   -2.0755    1.8537    1.8537
  593.0000   -1.7616   -1.7616    1.5448    1.5448
  594.0000   -1.6687   -1.6687    1.2759    1.2759
  595.0000   -1.5145   -1.5145    1.0167    1.0167
  596.0000   -1.1544   -1.1544    0.6546    0.6546
  597.0000   -0.7052   -0.7052    0.3188    0.3188
  598.0000   -0.2598   -0.2598    0.1683    0.1683
  599.0000    0.1623    0.1623    0.2351    0.2351
  600.0000    0.4253    0.4253    0.5638    0.5638
  601.0000    0.6727    0.6727    0.7235    0.7235
  602.0000    0.9466    0.9466    0.6353    0.6353
  603.0000    0.8795    0.8795    0.3354    0.3354
  604.0000    0.6958    0.6958   -0.0003   -0.0003
  605.0000    0.7149    0.7149   -0.1582   -0.1582
  606.0000    0.4971    0.4971   -0.3791   -0.3791
  607.0000    0.2646    0.2646   -0.5457   -0.5457
  608.0000   -0.0339   -0.0339   -0.5891   -0.5891
  609.0000   -0.4091   -0.4091   -0.5934   -0.5934
  610.0000   -0.8392   -0.8392   -0.3871   -0.3871
  611.0000   -1.0359   -1.0359   -0.1973   -0.1973
  612.0000   -1.0258   -1.0258   -0.3403   -0.3403
  613.0000   -0.9914   -0.9914   -0.6326   -0.6326
  614.0000   -0.8934   -0.8934   -0.9426   -0.9426
  615.0000   -0.8431   -0.8431   -1.0338   -1.0338
  616.0000   -0.4399   -0.4399   -0.8084   -0.8084
  617.0000   -0.0907   -0.0907   -0.6075   -0.6075
  618.0000   -0.0754   -0.0754   -0.5628   -0.5628
  619.0000   -0.4505   -0.4505   -0.4854   -0.4854
  620.0000   -0.7330   -0.7330   -0.5084   -0.5084
  621.0000   -0.5270   -0.5270   -0.2389   -0.2389
  622.0000   -0.1233   -0.1233    0.3080    0.3080
  623.0000    0.2869    0.2869    0.7649    0.7649
  624.0000    0.3208    0.3208    1.0001    1.0001
  625.0000    0.1079    0.1079    0.8492    0.8492
  626.0000   -0.1972   -0.1972    0.6185    0.6185
  627.0000   -0.6271   -0.6271    0.3152    0.3152
  628.0000   -0.8232   -0.8232    0.2388    0.2388
  629.0000   -0.7656   -0.7656    0.0159    0.0159
  630.0000   -0.6542   -0.6542   -0.3790   -0.3790
  631.0000   -0.4925   -0.4925   -1.1978   -1.1978
  632.0000    0.1187    0.1187   -2.0950   -2.0950
  633.0000    0.6489    0.6489   -2.5474   -2.5474
  634.0000    0.8375    0.8375   -2.6712   -2.6712
  635.0000    0.8297    0.8297   -2.5767   -2.5767
  636.0000    0.7279    0.7279   -2.4616   -2.4616
  637.0000    0.2666    0.2666   -2.3713   -2.3713
  638.0000   -0.3107   -0.3107   -2.1634   -2.1634
  639.0000   -0.4080   -0.4080   -2.0267   -2.0267
  640.0000   -0.3766   -0.3766   -1.7619   -1.7619
  641.0000   -0.3208   -0.3208   -1.5894   -1.5894
  642.0000   -0.2107   -0.2107   -1.5261   -1.5261
  643.0000   -0.0962   -0.0962   -1.5485   -1.5485
  644.0000    0.0612    0.0612   -1.3510   -1.3510
  645.0000    0.2417    0.2417   -1.1213   -1.1213
  646.0000    0.4727    0.4727   -1.0170   -1.0170
  647.0000    0.8017    0.8017   -1.0179   -1.0179
  648.0000    0.9964    0.9090   -1.1907   -1.1080
  649.0000    0.7357    0.7357   -1.1670   -1.1670
  650.0000    0.4434    0.4434   -1.0707   -1.0707
  651.0000    0.4165    0.4165   -0.8357   -0.8357
  652.0000    0.2756    0.2756   -0.6203   -0.6203
  653.0000    0.2556    0.2556   -0.5550   -0.5550
  654.0000    0.6420    0.6420   -0.6744   -0.6744
  655.0000    0.9488    0.9488   -0.7676   -0.7676
  656.0000    1.2988    1.2988   -0.6789   -0.6789
  657.0000    1.5459    1.5459   -0.5490   -0.5490
  658.0000    1.3545    1.3545   -0.2203   -0.2203
  659.0000    1.1844    1.1844   -0.0118   -0.0118
  660.0000    0.8362    0.8041   -0.2281   -0.0283
  661.0000    0.3106    0.2944   -0.4034   -0.2108
  662.0000   -0.1154   -0.1154   -0.4831   -0.4831
  663.0000   -0.2915   -0.2915   -0.7903   -0.7903
  664.0000   -0.4180   -0.4180   -1.0907   -1.0907
  665.0000   -0.4935   -0.5167   -0.9478   -1.1722
  666.0000   -0.5924   -0.5530   -0.9324   -1.1195
  667.0000   -0.4945   -0.4945   -1.1095   -1.1095
  668.0000   -0.3862   -0.3862   -1.2357   -1.2357
  669.0000   -0.4306   -0.4306   -1.2737   -1.2737
  670.0000   -0.4648   -0.4648   -1.0021   -1.0021
  671.0000   -0.6780   -0.6780   -0.3975   -0.3975
  672.0000   -0.8389   -0.8389    0.1843    0.1843
  673.0000   -0.8961   -0.8961    0.5007    0.5007
  674.0000   -0.9574   -0.9574    0.7684    0.7684
  675.0000   -0.9731   -0.9731    0.9637    0.9637
  676.0000   -0.9063   -0.9063    1.1627    1.1627
  677.0000   -0.6987   -0.6987    1.1179    1.1179
  678.0000   -0.5390   -0.5390    1.1936    1.1936
  679.0000   -0.1934   -0.1934    1.6567    1.6567
  680.0000    0.2475    0.2475    1.7868    1.7868
  681.0000    0.6472    0.6472    1.7950    1.7950
  682.0000    0.8867    0.8867    1.7325    1.7325
  683.0000    1.0601    1.0601    1.9260    1.9260
  684.0000    1.0939    1.0939    1.9320    1.9320
  685.0000    1.0400    1.0400    1.9005    1.9005
  686.0000    1.0076    1.0076    2.1165    2.1165
  687.0000    1.1233    1.1233    2.4387    2.4387
  688.0000    1.2133    1.2133    2.4626    2.4626
  689.0000    1.1297    1.1297    2.4405    2.4405
  690.0000    1.1601    1.1601    2.2287    2.2287
  691.0000    1.2866    1.2866    1.7333    1.7333
  692.0000    1.4092    1.4092    1.4374    1.4374
  693.0000    1.2832    1.2832    0.9442    0.9442
  694.0000    0.8733    0.8733    0.9068    0.9068
  695.0000    0.5386    0.5386    0.8814    0.8814
  696.0000    0.2875    0.2875    0.7922    0.7922
  697.0000    0.1881    0.1881    0.4737    0.4737
  698.0000   -0.0083   -0.0083    0.0856    0.0856
  699.0000   -0.3769   -0.3769   -0.1593   -0.1593
  700.0000   -0.5253   -0.5253   -0.2170   -0.2170
  701.0000   -0.5994   -0.5994   -0.2473   -0.2473
  702.0000   -0.6060   -0.6060   -0.3258   -0.3258
  703.0000   -0.4922   -0.4922   -0.4621   -0.4621
  704.0000   -0.1721   -0.1721   -0.4203   -0.4203
  705.0000   -0.0103   -0.0103   -0.1618   -0.1618
  706.0000    0.0585    0.0585   -0.1017   -0.1017
  707.0000    0.0470    0.0470   -0.1623   -0.1623
  708.0000    0.0590    0.0590   -0.2111   -0.2111
  709.0000   -0.0463   -0.0463   -0.4206   -0.4206
  710.0000   -0.3285   -0.3285   -0.9529   -0.9529
  711.0000   -0.5003   -0.5003   -1.1762   -1.1762
  712.0000   -0.7000   -0.7000   -1.0702   -1.0702
  713.0000   -0.8439   -0.8439   -0.8502   -0.8502
  714.0000   -0.8934   -0.8934   -0.3917   -0.3917
  715.0000   -0.8823   -0.8823   -0.2878   -0.2878
  716.0000   -0.7422   -0.7422   -0.3323   -0.3323
  717.0000   -0.5542   -0.5542   -0.3688   -0.3688
  718.0000   -0.4323   -0.4323   -0.4425   -0.4425
  719.0000   -0.5221   -0.5221   -0.7473   -0.7473
  720.0000   -0.4332   -0.4332   -0.8642   -0.8642
  721.0000   -0.2892   -0.2892   -0.6215   -0.6215
  722.0000   -0.0313   -0.0313   -0.4684   -0.4684
  723.0000    0.4233    0.4233   -0.2279   -0.2279
  724.0000    0.8515    0.8515   -0.0558   -0.0558
  725.0000    1.0850    1.0850    0.0692    0.0692
  726.0000    1.0956    1.0956    0.1327    0.1327
  727.0000    1.2682    1.2682    0.1616    0.1616
  728.0000    1.3856    1.3856    0.1616    0.1616
  729.0000    1.7895    1.7895    0.3042    0.3042
  730.0000    2.0393    1.9917    0.4747    0.5494
  731.0000    2.0355    2.0355    0.7844    0.7844
  732.0000    2.0042    2.0042    0.9031    0.9031
  733.0000    1.5484    1.5484    0.8765    0.8765
  734.0000    1.0484    1.0484    0.7838    0.7838
  735.0000    0.5632    0.5632    0.5570    0.5570
  736.0000    0.2552    0.2552    0.4432    0.4432
  737.0000    0.0069    0.0069    0.3387    0.3387
  738.0000   -0.1870   -0.1870    0.3139    0.3139
  739.0000   -0.3535   -0.3535    0.5167    0.5167
  740.0000   -0.3266   -0.3266    0.8455    0.8455
  741.0000   -0.3049   -0.3049    1.2766    1.2766
  742.0000   -0.1021   -0.1021    1.5316    1.5316
  743.0000   -0.0718   -0.0718    1.3478    1.3478
  744.0000   -0.1642   -0.1642    1.0289    1.0289
  745.0000   -0.2973   -0.2973    0.8279    0.8279
  746.0000   -0.8186   -0.8186    0.7382    0.7382
  747.0000   -1.4768   -1.4768    0.8449    0.8449
  748.0000   -1.7219   -1.7130    0.8669    0.8808
  749.0000   -1.6042   -1.6042    0.9570    0.9570
  750.0000   -1.3075   -1.3075    1.2060    1.2060
  751.0000   -0.7852   -0.7852    1.3770    1.3770
  752.0000   -0.5259   -0.5302    1.5598    1.3359
  753.0000   -0.5726   -0.5646    1.3936    1.1178
  754.0000   -0.7250   -0.7431    0.8615    0.7880
  755.0000   -0.9202   -0.9202    0.4116    0.4116
  756.0000   -0.9972   -0.9972    0.0449    0.0449
  757.0000   -1.0414   -1.0414   -0.2901   -0.2901
  758.0000   -1.0276   -1.0276   -0.5719   -0.5719
  759.0000   -0.8039   -0.7667   -0.7766   -0.8360
  760.0000   -0.3886   -0.3886   -1.2919   -1.2919
  761.0000   -0.0834   -0.0834   -1.9337   -1.9337
  762.0000    0.0460    0.0460   -2.0595   -2.0595
  763.0000   -0.1287   -0.1287   -1.8991   -1.8991
  764.0000   -0.2856   -0.2856   -1.5039   -1.5039
  765.0000   -0.2880   -0.2880   -1.1554   -1.1554
  766.0000   -0.2530   -0.2530   -0.8453   -0.8453
  767.0000   -0.2344   -0.2344   -0.3863   -0.3863
  768.0000   -0.2524   -0.2524   -0.1198   -0.1198
  769.0000   -0.4670   -0.4670   -0.0013   -0.0013
  770.0000   -0.6950   -0.6950   -0.3323   -0.3323
  771.0000   -0.6481   -0.6481   -0.8411   -0.8411
  772.0000   -0.5255   -0.5255   -1.0559   -1.0559
  773.0000   -0.3506   -0.3506   -1.1226   -1.1226
  774.0000    0.0167    0.0167   -1.2638   -1.2638
  775.0000    0.0972    0.0972   -1.3717   -1.3717
  776.0000    0.2655    0.2655   -1.5003   -1.5003
  777.0000    0.3008    0.3008   -1.5365   -1.5365
  778.0000    0.2378    0.2378   -1.4314   -1.4314
  779.0000    0.2062    0.2062   -1.4171   -1.4171
  780.0000   -0.0099   -0.0099   -1.2304   -1.2304
  781.0000   -0.5202   -0.5202   -1.0983   -1.0983
  782.0000   -1.2816   -1.2816   -1.2343   -1.2343
  783.0000   -1.8784   -1.8784   -1.4711   -1.4711
  784.0000   -2.1728   -2.1728   -1.5790   -1.5790
  785.0000   -2.0407   -2.0407   -1.1344   -1.1344
  786.0000   -1.6341   -1.6341   -0.5286   -0.5286
  787.0000   -0.9484   -0.9484   -0.2039   -0.2039
  788.0000   -0.1669   -0.1669   -0.0824   -0.0824
  789.0000    0.4078    0.4078    0.0683    0.0683
  790.0000    0.5142    0.5142   -0.0746   -0.0746
  791.0000    0.2009    0.2009   -0.5605   -0.5605
  792.0000    0.0303    0.0303   -0.8165   -0.8165
  793.0000   -0.0297   -0.0297   -0.6460   -0.6460
  794.0000   -0.1204   -0.1204   -0.2381   -0.2381
  795.0000   -0.3642   -0.3642    0.1742    0.1742
  796.0000   -0.5441   -0.5441    0.2146    0.2146
  797.0000   -0.5575   -0.5575    0.1545    0.1545
  798.0000   -0.2628   -0.2628    0.1424    0.1424
  799.0000   -0.1531   -0.1531    0.2601    0.2601
  800.0000    0.1528    0.1528    0.5129    0.5129
  801.0000    0.4044    0.4044    0.9912    0.9912
  802.0000    0.4646    0.4646    1.6222    1.6222
  803.0000    0.3258    0.3258    2.0373    2.0373
  804.0000    0.0243    0.0243    2.1220    2.1220
  805.0000   -0.2903   -0.2903    1.5713    1.5713
  806.0000   -0.6651   -0.6651    0.9785    0.9785
  807.0000   -0.9876   -0.9876    0.5490    0.5490
  808.0000   -0.8712   -0.8712    0.5173    0.5173
  809.0000   -0.4583   -0.4808    0.8132    0.7675
  810.0000    0.1167    0.1167    0.9243    0.9243
  811.0000    0.7948    0.7948    0.6891    0.6891
  812.0000    1.1360    1.1360    0.2841    0.2841
  813.0000    1.3888    1.3888    0.0694    0.0694
  814.0000    1.5850    1.5850   -0.1798   -0.1798
  815.0000    1.6591    1.6742   -0.2702   -0.3357
  816.0000    1.6476    1.6476   -0.3741   -0.3741
  817.0000    1.5519    1.5519   -0.3510   -0.3510
  818.0000    1.4983    1.4983   -0.3135   -0.3135
  819.0000    1.3153    1.3153   -0.1280   -0.1280
  820.0000    1.2551    1.2551    0.0009    0.0009
  821.0000    1.4136    1.4136   -0.2261   -0.2261
  822.0000    1.6137    1.6137   -0.7510   -0.7510
  823.0000    1.6344    1.6344   -1.1962   -1.1962
  824.0000    1.5667    1.5667   -1.4832   -1.4832
  825.0000    1.4103    1.4103   -1.5280   -1.5280
  826.0000    1.1428    1.1428   -1.1336   -1.1336
  827.0000    0.9367    0.9367   -0.6303   -0.6303
  828.0000    0.9214    0.9214   -0.4478   -0.4478
  829.0000    1.1669    1.1669   -0.4774   -0.4774
  830.0000    1.1888    1.1888   -0.3085   -0.3085
  831.0000    1.1112    1.1112    0.2768    0.2768
  832.0000    0.8032    0.8032    0.9175    0.9175
  833.0000    0.6119    0.6119    1.2545    1.2545
  834.0000    0.3244    0.3244    1.4650    1.4650
  835.0000   -0.0249   -0.0249    1.5284    1.5284
  836.0000   -0.2352   -0.2352    1.5080    1.5080
  837.0000   -0.1572   -0.1572    1.5588    1.5588
  838.0000    0.0626    0.0626    1.4545    1.4545
  839.0000    0.4079    0.4079    1.4712    1.4712
  840.0000    0.8906    0.8906    1.4258    1.4258
  841.0000    1.2850    1.2850    1.1891    1.1891
  842.0000    1.2119    1.2119    1.0204    1.0204
  843.0000    0.8496    0.9271    0.7688    0.8182
  844.0000    0.5177    0.5912    0.4345    0.5763
  845.0000    0.2573    0.2927    0.2462    0.3463
  846.0000    0.1199    0.1199    0.1797    0.1797
  847.0000    0.0492    0.0492    0.1303    0.1303
  848.0000   -0.2380   -0.2380    0.2424    0.2424
  849.0000   -0.5559   -0.5559    0.5392    0.5392
  850.0000   -0.6330   -0.6330    1.0458    1.0458
  851.0000   -0.5686   -0.5686    1.3006    1.3006
  852.0000   -0.5393   -0.5393    1.1726    1.1726
  853.0000   -0.4761   -0.4761    0.5905    0.5905
  854.0000   -0.2573   -0.2573    0.0364    0.0364
  855.0000    0.0874    0.0874   -0.4098   -0.4098
  856.0000    0.4735    0.4735   -0.7722   -0.7722
  857.0000    0.9346    0.9346   -0.9509   -0.9509
  858.0000    1.1804    1.1804   -0.8983   -0.8983
  859.0000    1.1961    1.1961   -0.6061   -0.6061
  860.0000    1.1575    1.1575   -0.4087   -0.4087
  861.0000    1.0961    1.0961   -0.1884   -0.1884
  862.0000    0.8572    0.8572   -0.2090   -0.2090
  863.0000    0.5423    0.5423   -0.2475   -0.2475
  864.0000    0.1197    0.1197   -0.1824   -0.1824
  865.0000    0.0135    0.0135   -0.1459   -0.1459
  866.0000   -0.0639   -0.0639   -0.1092   -0.1092
  867.0000   -0.1374   -0.1374   -0.1441   -0.1441
  868.0000   -0.0377   -0.0377   -0.3196   -0.3196
  869.0000    0.2037    0.2037   -0.2097   -0.2097
  870.0000    0.2456    0.2456    0.0694    0.0694
  871.0000    0.1815    0.1815    0.3672    0.3672
  872.0000    0.0510    0.0510    0.3601    0.3601
  873.0000   -0.0541   -0.0541    0.0999    0.0999
  874.0000   -0.0684   -0.0684   -0.2352   -0.2352
  875.0000   -0.5384   -0.5384   -0.6703   -0.6703
  876.0000   -1.2362   -1.2362   -0.9362   -0.9362
  877.0000   -1.3183   -1.3183   -1.1199   -1.1199
  878.0000   -1.3738   -1.3738   -1.3425   -1.3425
  879.0000   -1.2791   -1.2791   -1.3421   -1.3421
  880.0000   -1.1612   -1.1612   -1.0150   -1.0150
  881.0000   -1.2595   -1.2595   -0.8629   -0.8629
  882.0000   -1.4359   -1.4359   -1.0271   -1.0271
  883.0000   -1.6406   -1.6406   -1.2881   -1.2881
  884.0000   -1.6751   -1.6751   -1.5612   -1.5612
  885.0000   -1.5539   -1.5539   -1.8768   -1.8768
  886.0000   -1.3010   -1.3010   -2.2183   -2.2183
  887.0000   -1.1977   -1.1977   -2.4213   -2.4213
  888.0000   -1.2813   -1.2813   -2.2567   -2.2567
  889.0000   -1.5273   -1.5273   -2.0416   -2.0416
  890.0000   -1.6437   -1.6437   -1.7640   -1.7640
  891.0000   -1.6815   -1.6815   -1.3915   -1.3915
  892.0000   -1.8450   -1.8450   -0.9305   -0.9305
  893.0000   -1.8465   -1.8465   -0.5920   -0.5920
  894.0000   -1.7599   -1.7599   -0.1659   -0.1659
  895.0000   -1.3338   -1.3338    0.2854    0.2854
  896.0000   -0.9360   -0.9360    0.4901    0.4901
  897.0000   -0.7954   -0.7687    0.6940    0.7526
  898.0000   -0.8315   -0.8315    1.1763    1.1763
  899.0000   -1.0327   -1.0327    1.6745    1.6745
  900.0000   -1.1477   -1.1477    1.9362    1.9362
  901.0000   -1.2611   -1.2611    2.0146    2.0146
  902.0000   -1.2437   -1.2437    1.7694    1.7694
  903.0000   -1.1613   -1.1613    1.4995    1.4995
  904.0000   -0.9611   -0.9611    1.2144    1.2144
  905.0000   -0.6513   -0.6513    1.0497    1.0497
  906.0000   -0.3182   -0.3182    0.9660    0.9660
  907.0000   -0.1671   -0.1671    0.5628    0.5628
  908.0000   -0.3805   -0.3805   -0.0287   -0.0287
  909.0000   -0.5152   -0.4818   -0.3925   -0.3633
  910.0000   -0.3968   -0.3906   -0.4218   -0.4530
  911.0000   -0.1791   -0.1791   -0.4436   -0.4436
  912.0000    0.0997    0.0997   -0.4625   -0.4625
  913.0000    0.4453    0.4453   -0.4489   -0.4489
  914.0000    0.7182    0.7182   -0.1258   -0.1258
  915.0000    0.6886    0.6886    0.0331    0.0331
  916.0000    0.6665    0.6665    0.0698    0.0698
  917.0000    0.6086    0.6086    0.1860    0.1860
  918.0000    0.4262    0.4262    0.2615    0.2615
  919.0000    0.2468    0.2468    0.4004    0.4004
  920.0000    0.0636    0.0636    0.6896    0.6896
  921.0000   -0.1648   -0.1648    0.8523    0.8523
  922.0000   -0.2092   -0.2092    0.9369    0.9369
  923.0000    0.0125    0.0125    0.9384    0.9384
  924.0000    0.3767    0.3767    0.7638    0.7638
  925.0000    0.5634    0.5634    0.3456    0.3456
  926.0000    0.5001    0.5001   -0.0230   -0.0230
  927.0000    0.4144    0.4144   -0.0744   -0.0744
  928.0000    0.5735    0.5735    0.2574    0.2574
  929.0000    0.7897    0.7897    0.8551    0.8551
  930.0000    1.1327    1.1327    1.4594    1.4594
  931.0000    1.5118    1.5396    1.7712    1.6820
  932.0000    1.7864    1.7864    1.4791    1.4791
  933.0000    1.7436    1.7436    0.9590    0.9590
  934.0000    1.6700    1.6700    0.4347    0.4347
  935.0000    1.5845    1.5841    0.1992    0.1750
  936.0000    1.4805    1.4805    0.1008    0.1008
  937.0000    1.4268    1.4268   -0.0013   -0.0013
  938.0000    1.5955    1.5955   -0.3445   -0.3445
  939.0000    1.8445    1.8445   -0.6165   -0.6165
  940.0000    2.1788    2.1788   -0.8378   -0.8378
  941.0000    2.2509    2.2509   -0.5427   -0.5427
  942.0000    2.0902    2.0902   -0.3099   -0.3099
  943.0000    1.7182    1.7182   -0.2602   -0.2602
  944.0000    1.1960    1.1960   -0.2078   -0.2078
  945.0000    0.8835    0.8835   -0.1266   -0.1266
  946.0000    0.5711    0.5711   -0.2229   -0.2229
  947.0000    0.1140    0.1140   -0.4495   -0.4495
  948.0000   -0.1321   -0.1321   -0.9268   -0.9268
  949.0000   -0.1011   -0.1011   -1.1336   -1.1336
  950.0000   -0.3260   -0.3260   -1.2503   -1.2503
  951.0000   -0.6544   -0.6544   -1.1377   -1.1377
  952.0000   -1.0526   -1.0526   -0.8258   -0.8258
  953.0000   -1.2833   -1.2833   -0.6539   -0.6539
  954.0000   -1.4191   -1.4191   -0.6129   -0.6129
  955.0000   -1.6475   -1.6475   -0.7849   -0.7849
  956.0000   -1.8912   -1.8912   -0.8388   -0.8388
  957.0000   -1.9575   -1.9575   -0.6585   -0.6585
  958.0000   -1.9631   -1.9631   -0.2957   -0.2957
  959.0000   -2.1586   -2.1586   -0.0980   -0.0980
  960.0000   -2.2853   -2.2853    0.0058    0.0058
  961.0000   -2.0338   -2.0338   -0.1597   -0.1597
  962.0000   -1.4737   -1.4642   -0.0657   -0.1568
  963.0000   -0.7660   -0.7731    0.2422    0.0477
  964.0000   -0.1692   -0.1692    0.3276    0.3276
  965.0000    0.1857    0.1857    0.5341    0.5341
  966.0000    0.4015    0.3375    0.6276    0.5013
  967.0000    0.5139    0.4666    0.3869    0.3232
  968.0000    0.7756    0.7756    0.1648    0.1648
  969.0000    1.3147    1.3147    0.1573    0.1573
  970.0000    1.6594    1.6594    0.2559    0.2559
  971.0000    1.7380    1.7380    0.2506    0.2506
  972.0000    1.5920    1.5920    0.0888    0.0888
  973.0000    1.5350    1.5350   -0.1186   -0.1186
  974.0000    1.5486    1.5486   -0.4923   -0.4923
  975.0000    1.3854    1.3854   -0.4370   -0.4370
  976.0000    1.0407    1.0407   -0.0746   -0.0746
  977.0000    0.6421    0.6421    0.4228    0.4228
  978.0000    0.1251    0.1251    0.7732    0.7732
  979.0000   -0.4384   -0.4384    1.0022    1.0022
  980.0000   -1.0858   -1.0858    1.1088    1.1088
  981.0000   -1.7528   -1.7528    1.0644    1.0644
  982.0000   -2.1564   -2.1041    0.8341    0.9156
  983.0000   -2.2282   -2.2282    0.7447    0.7447
  984.0000   -2.2328   -2.2328    0.5135    0.5135
  985.0000   -1.9145   -1.9145   -0.0360   -0.0360
  986.0000   -1.4079   -1.4079   -0.3421   -0.3421
  987.0000   -0.7557   -0.7557   -0.3482   -0.3482
  988.0000   -0.3490   -0.3490   -0.4599   -0.4599
  989.0000   -0.3688   -0.3688   -0.5851   -0.5851
  990.0000   -0.5201   -0.5201   -0.6065   -0.6065
  991.0000   -0.5460   -0.5460   -0.8851   -0.8851
  992.0000   -0.3765   -0.3765   -1.2575   -1.2575
  993.0000   -0.3643   -0.3643   -1.3859   -1.3859
  994.0000   -0.3309   -0.3309   -1.1614   -1.1614
  995.0000   -0.1050   -0.1050   -0.5822   -0.5822
  996.0000    0.1092    0.1092   -0.0099   -0.0099
  997.0000    0.0683    0.0683    0.5318    0.5318
  998.0000   -0.0472   -0.0472    1.3725    1.3725
  999.0000   -0.1143   -0.1143    2.1804    2.1804
 1000.0000    0.0037    0.0037    2.6462    2.6462
 1001.0000    0.0890    0.0890    2.6730    2.6730
 1002.0000    0.5148    0.5148    2.6400    2.6400
 1003.0000    1.1769    1.1769    2.5171    2.5171
 1004.0000    1.4662    1.4662    2.1789    2.1789
 1005.0000    1.7679    1.7679    1.5590    1.5590
 1006.0000    1.9320    1.9320    0.7933    0.7933
 1007.0000    1.9261    1.9261    0.2523    0.2523
 1008.0000    1.9708    1.9708    0.0748    0.0748
 1009.0000    1.9673    1.9673    0.0989    0.0989
 1010.0000    1.7917    1.7917   -0.4026   -0.4026
 1011.0000    1.5343    1.5343   -1.1063   -1.1063
 1012.0000    1.0224    1.0224   -1.6512   -1.6512
 1013.0000    0.6792    0.6792   -1.6262   -1.6262
 1014.0000    0.5401    0.5401   -1.5889   -1.5889
 1015.0000    0.4537    0.4537   -1.3963   -1.3963
 1016.0000    0.4482    0.4349   -1.2276   -1.1945
 1017.0000    0.3974    0.3974   -0.8813   -0.8813
 1018.0000    0.2432    0.2432   -0.3629   -0.3629
 1019.0000    0.0450   -0.0090    0.1217    0.0737
 1020.0000   -0.2958   -0.2958    0.3308    0.3308
 1021.0000   -0.5591   -0.5591    0.3540    0.3540
 1022.0000   -0.7205   -0.7205    0.0326    0.0326
 1023.0000   -0.6132   -0.6132   -0.4868   -0.4868
