    0.0000    0.4958    0.4958    0.3611    0.3611
    1.0000    0.4548    0.4548    0.1101    0.1101
    2.0000    0.4665    0.4665   -0.0406   -0.0406
    3.0000    0.4269    0.4269   -0.1881   -0.1881
    4.0000    0.2897    0.2897   -0.3445   -0.3445
    5.0000    0.3086    0.3086   -0.3378   -0.3378
    6.0000    0.3055    0.3055   -0.3513   -0.3513
    7.0000    0.4088    0.4088   -0.6477   -0.6477
    8.0000    0.3470    0.3470   -1.2391   -1.2391
    9.0000    0.2842    0.2711   -1.9093   -1.8677
   10.0000    0.3796    0.3796   -2.2833   -2.2833
   11.0000    0.7337    0.7337   -2.4048   -2.4048
   12.0000    1.0380    1.0380   -2.4828   -2.4828
   13.0000    1.2145    1.2145   -2.1097   -2.1097
   14.0000    1.2302    1.2302   -1.6513   -1.6513
   15.0000    0.9683    0.9683   -1.2505   -1.2505
   16.0000    0.4121    0.4121   -0.8833   -0.8833
   17.0000   -0.1692   -0.1692   -0.6794   -0.6794
   18.0000   -0.6698   -0.6698   -0.4552   -0.4552
   19.0000   -1.1756   -1.1756   -0.0917   -0.0917
   20.0000   -1.5800   -1.5800    0.2853    0.2853
   21.0000   -1.9576   -1.9576    0.3887    0.3887
   22.0000   -2.1044   -2.1044    0.5050    0.5050
   23.0000   -1.9062   -1.9062    0.6494    0.6494
   24.0000   -1.5203   -1.5203    0.8423    0.8423
   25.0000   -1.3870   -1.3870    1.0450    1.0450
   26.0000   -1.6455   -1.6455    1.2014    1.2014
   27.0000   -1.5942   -1.5942    1.3831    1.3831
   28.0000   -1.3717   -1.3717    1.4973    1.4973
   29.0000   -1.2551   -1.2551    1.4516    1.4516
   30.0000   -1.1851   -1.1851    1.3791    1.3791
   31.0000   -1.2803   -1.2803    1.2664    1.2664
   32.0000   -1.4587   -1.4587    1.1978    1.1978
   33.0000   -1.5167   -1.5167    1.0530    1.0530
   34.0000   -1.3020   -1.3020    0.8555    0.8555
   35.0000   -0.9698   -0.9698    0.3076    0.3076
   36.0000   -0.6755   -0.6755   -0.4902   -0.4902
   37.0000   -0.6453   -0.6453   -1.0627   -1.0627
   38.0000   -0.7435   -0.7435   -1.2901   -1.2901
   39.0000   -0.5793   -0.5793   -1.5070   -1.5070
   40.0000   -0.1371   -0.1371   -1.5888   -1.5888
   41.0000    0.1791    0.1328   -1.4048   -1.4520
   42.0000    0.1863    0.1863   -1.1879   -1.1879
   43.0000    0.1521    0.1521   -0.8981   -0.8981
   44.0000    0.2294    0.2186   -0.6765   -0.5958
   45.0000    0.2418    0.2418   -0.2934   -0.2934
   46.0000    0.0842    0.0842    0.0429    0.0429
   47.0000   -0.0603   -0.0603    0.4755    0.4755
   48.0000   -0.1196   -0.1196    0.6407    0.6407
   49.0000   -0.0443   -0.0443    0.7804    0.7804
   50.0000   -0.0688   -0.0688    0.8268    0.8268
   51.0000   -0.0493   -0.0493    0.8184    0.8184
   52.0000   -0.0983   -0.0363    0.7067    0.6687
   53.0000   -0.2027   -0.2027    0.6723    0.6723
   54.0000   -0.6396   -0.6396    1.0235    1.0235
   55.0000   -1.1541   -1.1541    1.1938    1.1938
   56.0000   -1.6698   -1.6698    1.0314    1.0314
   57.0000   -1.7942   -1.7942    0.7273    0.7273
   58.0000   -1.4432   -1.4432    0.7193    0.7193
   59.0000   -0.8597   -0.8597    0.7616    0.7616
   60.0000   -0.2436   -0.2436    0.8592    0.8592
   61.0000    0.2106    0.2106    0.9757    0.9757
   62.0000    0.0882    0.1734    1.2104    1.2084
   63.0000   -0.0828   -0.0828    1.6617    1.6617
   64.0000   -0.2773   -0.2773    2.2059    2.2059
   65.0000   -0.6407   -0.6407    2.1909    2.1909
   66.0000   -1.0717   -1.0717    2.0128    2.0128
   67.0000   -1.4088   -1.4088    1.6082    1.6082
   68.0000   -1.1892   -1.1892    0.9647    0.9647
   69.0000   -0.7083   -0.7083    0.4464    0.4464
   70.0000   -0.2828   -0.2828    0.2774    0.2774
   71.0000   -0.3632   -0.3632    0.1556    0.1556
   72.0000   -0.5761   -0.5761   -0.2054   -0.2054
   73.0000   -0.8096   -0.8096   -0.5927   -0.5927
   74.0000   -0.8916   -0.8916   -0.8464   -0.8464
   75.0000   -1.0495   -1.0495   -0.8164   -0.8164
   76.0000   -1.3669   -1.3669   -0.7727   -0.7727
   77.0000   -1.6000   -1.6000   -1.0026   -1.0026
   78.0000   -1.5703   -1.5703   -0.8677   -0.8677
   79.0000   -1.4125   -1.4125   -0.6954   -0.6954
   80.0000   -1.1648   -1.1648   -0.6767   -0.6767
   81.0000   -0.4765   -0.4765   -0.6677   -0.6677
   82.0000   -0.3472   -0.3472   -0.5526   -0.5526
   83.0000   -0.5236   -0.5236   -0.3388   -0.3388
   84.0000   -0.9689   -0.9689   -0.0608   -0.0608
   85.0000   -1.1999   -1.1999    0.1723    0.1723
   86.0000   -1.4533   -1.4533    0.3902    0.3902
   87.0000   -1.2938   -1.2938    0.3847    0.3847
   88.0000   -0.9178   -0.9178    0.1420    0.1420
   89.0000   -0.5561   -0.5561   -0.1519   -0.1519
   90.0000   -0.2657   -0.2657   -0.3692   -0.3692
   91.0000    0.0256    0.0256   -0.4849   -0.4849
   92.0000    0.3545    0.3545   -0.4375   -0.4375
   93.0000    0.2802    0.2802   -0.1035   -0.1035
   94.0000   -0.0445   -0.0445    0.2690    0.2690
   95.0000   -0.0316   -0.0316    0.7236    0.7236
   96.0000    0.2718    0.2718    1.0234    1.0234
   97.0000    0.6152    0.6152    0.9285    0.9285
   98.0000    0.9487    0.9487    0.6317    0.6317
   99.0000    1.5959    1.5959    0.4312    0.4312
  100.0000    2.0724    2.0724    0.3057    0.3057
  101.0000    2.1797    2.1797    0.5544    0.5544
  102.0000    2.2579    2.2579    0.7611    0.7611
  103.0000    2.3253    2.3253    0.7175    0.7175
  104.0000    2.1884    2.1884    0.2576    0.2576
  105.0000    2.0107    2.0107   -0.2586   -0.2586
  106.0000    1.9638    1.9638   -0.6292   -0.6292
  107.0000    2.2014    2.2014   -0.7206   -0.7206
  108.0000    2.4156    2.4156   -0.6513   -0.6513
  109.0000    2.4245    2.4245   -0.7430   -0.7430
  110.0000    1.8694    1.8694   -0.9812   -0.9812
  111.0000    1.1591    1.1591   -1.2400   -1.2400
  112.0000    0.5723    0.5723   -1.7250   -1.7250
  113.0000    0.3040    0.3040   -2.3477   -2.3477
  114.0000    0.3339    0.3339   -2.4168   -2.4168
  115.0000    0.6193    0.6193   -2.1970   -2.1970
  116.0000    0.7336    0.7336   -2.0203   -2.0203
  117.0000    0.7592    0.7592   -1.7759   -1.7759
  118.0000    0.8209    0.8276   -1.6209   -1.5842
  119.0000    0.9250    0.9500   -1.5218   -1.4549
  120.0000    1.1138    1.1138   -1.3437   -1.3437
  121.0000    1.2963    1.2963   -1.1835   -1.1835
  122.0000    1.3997    1.3997   -0.8300   -0.8300
  123.0000    1.3016    1.3016   -0.2952   -0.2952
  124.0000    1.1924    1.1924    0.0253    0.0253
  125.0000    0.9762    0.9056    0.0458    0.0439
  126.0000    0.5187    0.5187   -0.0897   -0.0897
  127.0000    0.1236    0.1236   -0.1930   -0.1930
  128.0000   -0.3578   -0.3578   -0.1558   -0.1558
  129.0000   -0.6690   -0.6690   -0.0766   -0.0766
  130.0000   -1.0318   -1.0318    0.0206    0.0206
  131.0000   -0.9706   -0.9706    0.0447    0.0447
  132.0000   -0.4416   -0.4416    0.4125    0.4125
  133.0000    0.1178    0.1178    0.4377    0.4377
  134.0000    0.4278    0.4840    0.1532    0.2074
  135.0000    0.8221    0.8221    0.1592    0.1592
  136.0000    1.1895    1.1895    0.4861    0.4861
  137.0000    1.1712    1.1712    0.6200    0.6200
  138.0000    1.1149    1.1149    0.6981    0.6981
  139.0000    0.9732    0.9732    0.6334    0.6334
  140.0000    0.8503    0.8503    0.4315    0.4315
  141.0000    0.5309    0.5309    0.2198    0.2198
  142.0000    0.3616    0.3616    0.4949    0.4949
  143.0000    0.0136    0.0136    0.6281    0.6281
  144.0000   -0.3818   -0.3818    0.4251    0.4251
  145.0000   -0.9291   -0.9291    0.2905    0.2905
  146.0000   -1.3079   -1.3079    0.2675    0.2675
  147.0000   -1.3419   -1.3419    0.0763    0.0763
  148.0000   -1.3871   -1.3871   -0.3410   -0.3410
  149.0000   -1.3478   -1.3478   -0.5809   -0.5809
  150.0000   -1.1883   -1.1883   -0.7031   -0.7031
  151.0000   -0.9011   -0.9011   -0.6194   -0.6194
  152.0000   -0.7284   -0.8015   -0.5267   -0.5679
  153.0000   -0.7188   -0.7188   -0.4972   -0.4972
  154.0000   -0.4335   -0.4335   -0.2748   -0.2748
  155.0000   -0.0136   -0.0923    0.1894    0.1009
  156.0000    0.3776    0.2710    0.5786    0.4864
  157.0000    0.6774    0.6774    0.7080    0.7080
  158.0000    1.0938    1.0938    0.6057    0.6057
  159.0000    1.2791    1.2791    0.2606    0.2606
  160.0000    1.1105    1.1105    0.2329    0.2329
  161.0000    0.9260    0.9340    0.3990    0.2647
  162.0000    0.8335    0.8003    0.4386    0.3454
  163.0000    0.6503    0.6503    0.5972    0.5972
  164.0000    0.4348    0.4224    1.0789    1.0760
  165.0000    0.0424    0.0424    1.5735    1.5735
  166.0000   -0.4514   -0.4514    1.8435    1.8435
  167.0000   -0.7682   -0.7682    1.8436    1.8436
  168.0000   -1.1173   -1.1173    1.7941    1.7941
  169.0000   -1.1811   -1.1811    1.6028    1.6028
  170.0000   -0.9136   -0.9136    1.4087    1.4087
  171.0000   -0.3371   -0.3371    1.4141    1.4141
  172.0000    0.2574    0.2574    1.5549    1.5549
  173.0000    0.2814    0.2814    1.3824    1.3824
  174.0000    0.1293    0.1126    1.2707    1.1923
  175.0000   -0.1172   -0.1172    0.8699    0.8699
  176.0000   -0.3935   -0.3935    0.1871    0.1871
  177.0000   -0.6844   -0.6844   -0.6747   -0.6747
  178.0000   -0.9977   -0.9977   -0.9814   -0.9814
  179.0000   -0.7771   -0.7771   -0.7461   -0.7461
  180.0000   -0.2384   -0.2384   -0.1557   -0.1557
  181.0000    0.1223    0.1223    0.3913    0.3913
  182.0000    0.0607    0.0607    0.3860    0.3860
  183.0000   -0.2328   -0.2328   -0.0715   -0.0715
  184.0000   -0.3073   -0.3073   -0.4399   -0.4399
  185.0000   -0.2270   -0.2270   -0.4910   -0.4910
  186.0000   -0.2324   -0.2324   -0.5915   -0.5915
  187.0000   -0.2097   -0.2097   -0.8433   -0.8433
  188.0000    0.0212    0.1185   -1.2342   -1.2098
  189.0000    0.4993    0.4993   -1.4193   -1.4193
  190.0000    0.6995    0.6995   -1.3256   -1.3256
  191.0000    0.9919    0.9919   -1.3568   -1.3568
  192.0000    1.2029    1.2029   -1.4413   -1.4413
  193.0000    1.1273    1.1273   -1.3768   -1.3768
  194.0000    0.7796    0.7796   -1.1424   -1.1424
  195.0000    0.5557    0.5557   -0.6684   -0.6684
  196.0000    0.3136    0.3136   -0.3623   -0.3623
  197.0000    0.1702    0.1702   -0.2122   -0.2122
  198.0000   -0.0113   -0.0113   -0.4304   -0.4304
  199.0000   -0.0924   -0.0924   -0.8161   -0.8161
  200.0000   -0.1096   -0.1096   -0.7691   -0.7691
  201.0000   -0.0923   -0.0923   -0.3458   -0.3458
  202.0000    0.2029    0.2029   -0.0052   -0.0052
  203.0000    0.2649    0.2649   -0.1273   -0.1273
  204.0000   -0.0615   -0.0615   -0.5237   -0.5237
  205.0000   -0.6149   -0.6149   -1.0408   -1.0408
  206.0000   -0.7140   -0.7140   -1.1713   -1.1713
  207.0000   -0.4320   -0.4320   -1.3326   -1.3326
  208.0000   -0.0557   -0.0557   -1.1685   -1.1685
  209.0000    0.3407    0.3407   -1.0080   -1.0080
  210.0000    0.6678    0.6678   -0.9604   -0.9604
  211.0000    0.7838    0.7838   -0.8056   -0.8056
  212.0000    0.8809    0.8809   -0.7941   -0.7941
  213.0000    0.6850    0.6850   -0.8823   -0.8823
  214.0000    0.3710    0.3710   -0.9185   -0.9185
  215.0000    0.0975    0.0975   -0.7116   -0.7116
  216.0000   -0.0967   -0.0967   -0.3132   -0.3132
  217.0000   -0.3132   -0.3132   -0.1171   -0.1171
  218.0000   -0.7163   -0.7163    0.0447    0.0447
  219.0000   -0.8620   -0.8620    0.3990    0.3990
  220.0000   -0.6749   -0.6749    0.6313    0.6313
  221.0000   -0.2540   -0.2540    0.6912    0.6912
  222.0000    0.2185    0.2185    0.5907    0.5907
  223.0000    0.7063    0.7063    0.3622    0.3622
  224.0000    0.9561    0.9561    0.1943    0.1943
  225.0000    0.9214    0.9214    0.1316    0.1316
  226.0000    0.6945    0.6945    0.1876    0.1876
  227.0000    0.1992    0.1992    0.3332    0.3332
  228.0000   -0.0723   -0.0723    0.5249    0.5249
  229.0000   -0.1479   -0.1479    0.6977    0.6977
  230.0000   -0.2917   -0.2917    1.0777    1.0777
  231.0000   -0.2949   -0.2949    1.3084    1.3084
  232.0000   -0.1206   -0.1206    1.6203    1.6203
  233.0000    0.0870    0.0870    2.0432    2.0432
  234.0000    0.4377    0.4377    2.1546    2.1546
  235.0000    0.7246    0.7246    2.0039    2.0039
  236.0000    1.1211    1.1100    1.9053    1.9592
  237.0000    1.5098    1.5098    2.0727    2.0727
  238.0000    1.7852    1.7852    2.2363    2.2363
  239.0000    1.8344    1.8344    2.1870    2.1870
  240.0000    1.2937    1.2937    1.8765    1.8765
  241.0000    0.6123    0.6123    1.1079    1.1079
  242.0000    0.0202    0.0202    0.4119    0.4119
  243.0000   -0.3317   -0.3317    0.1316    0.1316
  244.0000   -0.4889   -0.4889    0.0655    0.0655
  245.0000   -0.4079   -0.4079    0.1120    0.1120
  246.0000   -0.2784   -0.2784    0.0601    0.0601
  247.0000   -0.0669   -0.0669   -0.1880   -0.1880
  248.0000   -0.0103   -0.0103   -0.5757   -0.5757
  249.0000   -0.3636   -0.3636   -1.1259   -1.1259
  250.0000   -0.6952   -0.6952   -1.4131   -1.4131
  251.0000   -0.8141   -0.8141   -1.5122   -1.5122
  252.0000   -0.8930   -0.8930   -1.5160   -1.5160
  253.0000   -0.6902   -0.6902   -1.3335   -1.3335
  254.0000   -0.2889   -0.2889   -1.2063   -1.2063
  255.0000   -0.0660   -0.0660   -1.0700   -1.0700
  256.0000    0.1927    0.1927   -0.9493   -0.9493
  257.0000    0.5156    0.5156   -0.9774   -0.9774
  258.0000    0.5635    0.5791   -1.1738   -1.1501
  259.0000    0.4429    0.4429   -1.5055   -1.5055
  260.0000    0.2970    0.2970   -1.9890   -1.9890
  261.0000    0.2714    0.2714   -2.1883   -2.1883
  262.0000    0.2053    0.2053   -2.0435   -2.0435
  263.0000    0.1389    0.1389   -1.7747   -1.7747
  264.0000    0.0777    0.0777   -1.4042   -1.4042
  265.0000    0.0992    0.0992   -1.0819   -1.0819
  266.0000   -0.0051   -0.0051   -0.9228   -0.9228
  267.0000   -0.0795   -0.0795   -0.9511   -0.9511
  268.0000    0.0355    0.0355   -0.7729   -0.7729
  269.0000    0.0976    0.0976   -0.4866   -0.4866
  270.0000    0.2016    0.2016   -0.3812   -0.3812
  271.0000    0.2453    0.2453   -0.4279   -0.4279
  272.0000    0.2929    0.2929   -0.6299   -0.6299
  273.0000    0.3643    0.3643   -0.9883   -0.9883
  274.0000    0.0267    0.0267   -1.0564   -1.0564
  275.0000   -0.2404   -0.2404   -0.8174   -0.8174
  276.0000   -0.4959   -0.5110   -0.5677   -0.5975
  277.0000   -0.7960   -0.7696   -0.5348   -0.4719
  278.0000   -0.9853   -0.9173   -0.5644   -0.4341
  279.0000   -0.8550   -0.8550   -0.4778   -0.4778
  280.0000   -0.5407   -0.5407   -0.5334   -0.5334
  281.0000   -0.1044   -0.1044   -0.4078   -0.4078
  282.0000    0.4051    0.4051   -0.2868   -0.2868
  283.0000    0.6998    0.6998   -0.1702   -0.1702
  284.0000    0.7020    0.7020    0.0258    0.0258
  285.0000    0.7695    0.7695    0.2431    0.2431
  286.0000    0.8657    0.8657    0.5538    0.5538
  287.0000    0.8486    0.8486    1.0025    1.0025
  288.0000    0.7282    0.7282    1.6316    1.6316
  289.0000    0.3904    0.3904    2.1217    2.1217
  290.0000   -0.2520   -0.2520    2.5371    2.5371
  291.0000   -0.9240   -0.9240    2.8030    2.8030
  292.0000   -1.4302   -1.4302    2.7556    2.7556
  293.0000   -1.8791   -1.8791    2.3713    2.3713
  294.0000   -2.2762   -2.2762    1.8791    1.8791
  295.0000   -2.6158   -2.5394    1.3694    1.5972
  296.0000   -2.7037   -2.6520    1.1187    1.5341
  297.0000   -2.6748   -2.6181    1.2842    1.6137
  298.0000   -2.3745   -2.4416    1.7080    1.7595
  299.0000   -2.1264   -2.1264    1.8955    1.8955
  300.0000   -1.8532   -1.8532    1.9349    1.9349
  301.0000   -2.0839   -2.0839    1.8562    1.8562
  302.0000   -2.0949   -2.0949    1.9107    1.9107
  303.0000   -1.9675   -1.9675    1.9694    1.9694
  304.0000   -1.6700   -1.6700    1.9519    1.9519
  305.0000   -1.1921   -1.1921    1.6380    1.6380
  306.0000   -0.7495   -0.7495    1.4034    1.4034
  307.0000   -0.6772   -0.6772    1.1699    1.1699
  308.0000   -0.9248   -0.9248    1.0201    1.0201
  309.0000   -1.0516   -1.0516    1.0362    1.0362
  310.0000   -1.1553   -1.1553    1.1031    1.1031
  311.0000   -1.2432   -1.2432    1.1931    1.1931
  312.0000   -1.3453   -1.3453    1.1395    1.1395
  313.0000   -1.3172   -1.3172    0.9813    0.9813
  314.0000   -1.0574   -1.0574    0.6129    0.6129
  315.0000   -0.6730   -0.6730    0.2850    0.2850
  316.0000   -0.2980   -0.2980   -0.0370   -0.0370
  317.0000   -0.0900   -0.0900   -0.6219   -0.6219
  318.0000    0.0026    0.0026   -1.1649   -1.1649
  319.0000   -0.0343   -0.0343   -1.7780   -1.7780
  320.0000   -0.0134    0.1507   -2.2969   -2.2811
  321.0000    0.2353    0.5313   -2.5144   -2.6370
  322.0000    0.7825    0.9512   -2.7706   -2.8787
  323.0000    1.2545    1.2545   -3.0396   -3.0396
  324.0000    1.3350    1.3350   -3.1502   -3.1502
  325.0000    1.2358    1.2771   -3.2655   -3.2238
  326.0000    1.2029    1.1784   -3.2841   -3.2421
  327.0000    1.1274    1.1274   -3.1798   -3.1798
  328.0000    1.1693    1.1693   -3.0301   -3.0301
  329.0000    1.1871    1.1871   -2.8938   -2.8938
  330.0000    1.1624    1.1624   -2.8041   -2.8041
  331.0000    1.2687    1.2687   -2.2370   -2.2370
  332.0000    1.1887    1.1887   -1.4246   -1.4246
  333.0000    1.2046    1.2046   -0.3898   -0.3898
  334.0000    0.9789    0.9789    0.3983    0.3983
  335.0000    0.4755    0.4755    0.6103    0.6103
  336.0000   -0.1439   -0.1439    0.8761    0.8761
  337.0000   -0.5351   -0.5351    0.9890    0.9890
  338.0000   -0.8236   -0.8236    0.7410    0.7410
  339.0000   -1.2046   -1.2046    0.4910    0.4910
  340.0000   -1.5293   -1.5293    0.7126    0.7126
  341.0000   -1.6227   -1.6227    1.2319    1.2319
  342.0000   -1.5473   -1.5473    1.6988    1.6988
  343.0000   -1.4603   -1.4603    1.6784    1.6784
  344.0000   -1.1230   -1.1230    1.4215    1.4215
  345.0000   -0.6999   -0.6999    0.8840    0.8840
  346.0000   -0.3658   -0.3658    0.4793    0.4793
  347.0000   -0.0081   -0.0081    0.4257    0.4257
  348.0000    0.3848    0.3848    0.2588    0.2588
  349.0000    1.0265    1.0265   -0.0710   -0.0710
  350.0000    1.4419    1.4419   -0.0804   -0.0804
  351.0000    1.5070    1.5070   -0.1312   -0.1312
  352.0000    1.3451    1.3451   -0.4064   -0.4064
  353.0000    0.9268    0.9268   -0.4473   -0.4473
  354.0000    0.8030    0.8030   -0.0834   -0.0834
  355.0000    0.9560    0.9560    0.6515    0.6515
  356.0000    1.1376    1.1376    1.2640    1.2640
  357.0000    0.9780    0.9780    1.4752    1.4752
  358.0000    0.6644    0.6644    1.4806    1.4806
  359.0000    0.2092    0.2092    1.3723    1.3723
  360.0000   -0.3563   -0.3563    1.0497    1.0497
  361.0000   -0.6961   -0.6961    0.5564    0.5564
  362.0000   -0.5626   -0.5626    0.1642    0.1642
  363.0000   -0.4562   -0.4562   -0.0626   -0.0626
  364.0000   -0.4186   -0.3741   -0.0860   -0.1632
  365.0000   -0.3465   -0.3465   -0.1710   -0.1710
  366.0000   -0.4261   -0.4261   -0.1066   -0.1066
  367.0000   -0.4434   -0.4434   -0.0205   -0.0205
  368.0000   -0.1316   -0.1316   -0.0501   -0.0501
  369.0000    0.0930    0.0930    0.0642    0.0642
  370.0000    0.2729    0.2729    0.1820    0.1820
  371.0000    0.2770    0.2770    0.4468    0.4468
  372.0000    0.3966    0.3966    0.5192    0.5192
  373.0000    0.8164    0.8164    0.5705    0.5705
  374.0000    1.0936    1.0936    0.4957    0.4957
  375.0000    1.0494    1.0494    0.2643    0.2643
  376.0000    0.6974    0.6974   -0.0824   -0.0824
  377.0000    0.3971    0.3971   -0.4910   -0.4910
  378.0000    0.3081    0.3081   -0.8710   -0.8710
  379.0000    0.3479    0.3479   -1.0838   -1.0838
  380.0000    0.6573    0.6573   -1.0874   -1.0874
  381.0000    0.8590    0.8590   -0.9018   -0.9018
  382.0000    0.9558    0.9558   -0.6603   -0.6603
  383.0000    0.9095    0.9095   -0.6635   -0.6635
  384.0000    0.6377    0.6377   -0.6993   -0.6993
  385.0000    0.5194    0.5194   -0.6510   -0.6510
  386.0000    0.5104    0.5104   -0.6615   -0.6615
  387.0000    0.4812    0.4812   -0.8028   -0.8028
  388.0000    0.3499    0.3499   -1.0787   -1.0787
  389.0000    0.0265    0.0664   -1.1191   -1.0583
  390.0000   -0.0240   -0.0240   -0.8874   -0.8874
  391.0000    0.3467    0.3467   -0.8398   -0.8398
  392.0000    0.7905    0.7905   -0.9007   -0.9007
  393.0000    1.0355    1.0355   -0.8585   -0.8585
  394.0000    0.9656    0.9656   -0.7619   -0.7619
  395.0000    0.7352    0.7352   -0.5333   -0.5333
  396.0000    0.6403    0.6403   -0.2770   -0.2770
  397.0000    0.5810    0.5810   -0.4891   -0.4891
  398.0000    0.7150    0.7150   -0.9481   -0.9481
  399.0000    0.7161    0.7161   -1.4949   -1.4949
  400.0000    0.8310    0.8310   -1.8518   -1.8518
  401.0000    0.8819    0.8819   -1.9379   -1.9379
  402.0000    0.7121    0.7121   -1.6738   -1.6738
  403.0000    0.3058    0.3058   -1.4487   -1.4487
  404.0000   -0.3356   -0.3356   -1.0631   -1.0631
  405.0000   -0.7604   -0.7604   -0.6136   -0.6136
  406.0000   -0.8780   -0.8780   -0.1091   -0.1091
  407.0000   -0.8385   -0.8385    0.1734    0.1734
  408.0000   -0.6670   -0.6670    0.1105    0.1105
  409.0000   -0.4100   -0.4100    0.1419    0.1419
  410.0000    0.1986    0.1986   -0.0032   -0.0032
  411.0000    0.7709    0.7709   -0.1781   -0.1781
  412.0000    1.2417    1.2417   -0.3213   -0.3213
  413.0000    1.2342    1.2342   -0.5997   -0.5997
  414.0000    1.0294    1.0294   -0.8482   -0.8482
  415.0000    0.8566    0.8566   -0.9473   -0.9473
  416.0000    0.9273    0.9273   -0.9304   -0.9304
  417.0000    0.7733    0.7733   -0.7235   -0.7235
  418.0000    0.3377    0.3377   -0.4796   -0.4796
  419.0000   -0.1181   -0.1181   -0.2152   -0.2152
  420.0000   -0.3220   -0.3220    0.0257    0.0257
  421.0000   -0.0926   -0.0926    0.1053    0.1053
  422.0000   -0.0668   -0.0668    0.1501    0.1501
  423.0000   -0.1965   -0.1965    0.1472    0.1472
  424.0000   -0.2722   -0.2722   -0.0821   -0.0821
  425.0000   -0.4390   -0.4390   -0.3331   -0.3331
  426.0000   -0.7294   -0.7294   -0.5684   -0.5684
  427.0000   -0.9959   -0.9959   -0.7537   -0.7537
  428.0000   -1.1737   -1.1737   -0.5209   -0.5209
  429.0000   -1.1823   -1.1823   -0.1567   -0.1567
  430.0000   -1.0072   -1.0072    0.3892    0.3892
  431.0000   -0.9503   -0.9503    1.1155    1.1155
  432.0000   -1.0164   -1.0164    1.5432    1.5432
  433.0000   -1.1535   -1.1535    1.8527    1.8527
  434.0000   -1.4106   -1.4106    1.9293    1.9293
  435.0000   -1.6536   -1.6536    1.6063    1.6063
  436.0000   -1.7685   -1.7685    1.0079    1.0079
  437.0000   -1.7377   -1.7377    0.6595    0.6595
  438.0000   -1.8622   -1.8622    0.7631    0.7631
  439.0000   -2.0884   -2.0884    0.7826    0.7826
  440.0000   -1.9447   -1.9447    0.5380    0.5380
  441.0000   -1.4558   -1.4558    0.5609    0.5609
  442.0000   -1.0588   -1.0588    0.8332    0.8332
  443.0000   -0.7408   -0.7408    1.0757    1.0757
  444.0000   -0.4022   -0.4022    1.4884    1.4884
  445.0000   -0.0551   -0.0551    1.7451    1.7451
  446.0000    0.4505    0.4505    1.5525    1.5525
  447.0000    0.9191    0.9191    1.3311    1.3311
  448.0000    1.3078    1.3078    1.2889    1.2889
  449.0000    1.2959    1.2959    1.5641    1.5641
  450.0000    1.1441    1.1441    1.9391    1.9391
  451.0000    0.9909    0.9909    2.2250    2.2250
  452.0000    0.7459    0.7459    2.5125    2.5125
  453.0000    0.6288    0.6288    2.6189    2.6189
  454.0000    0.7818    0.7818    2.4328    2.4328
  455.0000    1.0760    1.0760    2.1509    2.1509
  456.0000    0.9104    0.9104    1.7465    1.7465
  457.0000    0.7341    0.7341    1.3494    1.3494
  458.0000    0.9636    0.9636    1.1178    1.1178
  459.0000    1.3518    1.3518    1.0922    1.0922
  460.0000    1.8146    1.8146    1.0503    1.0503
  461.0000    2.4312    2.4312    0.8906    0.8906
  462.0000    2.6495    2.6495    0.7189    0.7189
  463.0000    2.4866    2.4866    0.4211    0.4211
  464.0000    2.0787    2.0787    0.3027    0.3027
  465.0000    1.5731    1.5025    0.3585    0.3228
  466.0000    1.0525    1.0525    0.4389    0.4389
  467.0000    0.9211    0.9211    0.5918    0.5918
  468.0000    0.7561    0.7561    0.5884    0.5884
  469.0000    0.4125    0.4125    0.4929    0.4929
  470.0000   -0.1928   -0.1928    0.4712    0.4712
  471.0000   -0.6039   -0.6039    0.3940    0.3940
  472.0000   -0.7995   -0.7995    0.2646    0.2646
  473.0000   -0.6377   -0.6377    0.3708    0.3708
  474.0000   -0.6492   -0.6492    0.6263    0.6263
  475.0000   -0.7564   -0.7564    0.8699    0.8699
  476.0000   -0.7339   -0.7339    0.7718    0.7718
  477.0000   -0.6894   -0.6894    0.4257    0.4257
  478.0000   -0.2929   -0.2929    0.1663    0.1663
  479.0000    0.0580    0.0580    0.2820    0.2820
  480.0000    0.1720    0.1720    0.5430    0.5430
  481.0000    0.0057    0.0057    0.6721    0.6721
  482.0000   -0.3164   -0.3164    0.6372    0.6372
  483.0000   -0.5655   -0.5655    0.6462    0.6462
  484.0000   -0.6229   -0.6229    0.6818    0.6818
  485.0000   -0.4010   -0.4010    0.5457    0.5457
  486.0000   -0.0686   -0.0686    0.3732    0.3732
  487.0000   -0.0608   -0.0608    0.4179    0.4179
  488.0000   -0.1201   -0.1201    0.5080    0.5080
  489.0000   -0.4509   -0.4509    0.3322    0.3322
  490.0000   -1.0760   -0.9948    0.2357    0.2519
  491.0000   -1.5845   -1.5845    0.1989    0.1989
  492.0000   -2.0300   -2.0300   -0.0384   -0.0384
  493.0000   -2.1097   -2.1097   -0.4952   -0.4952
  494.0000   -1.9175   -1.8774   -0.9431   -0.9076
  495.0000   -1.5374   -1.5374   -1.3091   -1.3091
  496.0000   -1.2227   -1.2227   -1.7165   -1.7165
  497.0000   -0.8157   -0.8157   -1.8422   -1.8422
  498.0000   -0.5053   -0.5053   -1.7851   -1.7851
  499.0000   -0.3070   -0.3070   -1.5190   -1.5190
  500.0000   -0.0346   -0.0346   -1.4143   -1.4143
  501.0000    0.2585    0.2585   -1.4780   -1.4780
  502.0000    0.3507    0.3507   -1.8230   -1.8230
  503.0000    0.3579    0.3579   -2.5507   -2.5507
  504.0000    0.4816    0.4816   -2.8682   -2.8682
  505.0000    0.6519    0.6519   -2.8246   -2.8246
  506.0000    0.5704    0.5704   -2.7067   -2.7067
  507.0000    0.1306    0.1306   -2.2917   -2.2917
  508.0000   -0.3051   -0.3051   -1.7527   -1.7527
  509.0000   -0.5867   -0.5867   -1.2074   -1.2074
  510.0000   -0.7797   -0.7797   -0.7760   -0.7760
  511.0000   -0.8781   -0.8781   -0.3462   -0.3462
  512.0000   -0.7899   -0.7899   -0.3242   -0.3242
  513.0000   -0.4142   -0.4142   -0.4897   -0.4897
  514.0000    0.0446    0.0446   -0.3658   -0.3658
  515.0000    0.3629    0.3629   -0.2099   -0.2099
  516.0000    0.6390    0.6390    0.1373    0.1373
  517.0000    0.6389    0.6389    0.6433    0.6433
  518.0000    0.3424    0.3424    1.1774    1.1774
  519.0000    0.1220    0.1220    1.6001    1.6001
  520.0000    0.0868    0.0868    2.0128    2.0128
  521.0000    0.4047    0.4047    2.0039    2.0039
  522.0000    0.9918    0.9918    1.6453    1.6453
  523.0000    1.4483    1.4483    1.2060    1.2060
  524.0000    1.6168    1.6168    0.7505    0.7505
  525.0000    1.3911    1.3911    0.3041    0.3041
  526.0000    1.0992    1.0992   -0.1659   -0.1659
  527.0000    0.5942    0.5942   -0.4961   -0.4961
  528.0000    0.3185    0.3185   -0.6700   -0.6700
  529.0000    0.0878    0.0878   -0.7968   -0.7968
  530.0000    0.0357    0.0357   -0.8508   -0.8508
  531.0000    0.3768    0.3768   -0.7241   -0.7241
  532.0000    0.7034    0.7034   -0.7263   -0.7263
  533.0000    0.6701    0.6701   -0.6444   -0.6444
  534.0000    0.5719    0.5719   -0.4978   -0.4978
  535.0000    0.3683    0.3683   -0.2824   -0.2824
  536.0000    0.0350    0.0350   -0.1531   -0.1531
  537.0000   -0.2334   -0.2334   -0.0959   -0.0959
  538.0000   -0.2087   -0.2087   -0.1191   -0.1191
  539.0000   -0.0948   -0.0948   -0.0866   -0.0866
  540.0000    0.1535    0.1857   -0.1112   -0.1651
  541.0000    0.5851    0.5851   -0.3455   -0.3455
  542.0000    1.0503    1.0503   -0.4671   -0.4671
  543.0000    1.6629    1.6629   -0.2527   -0.2527
  544.0000    2.1797    2.1797   -0.0725   -0.0725
  545.0000    2.2341    2.2341   -0.1278   -0.1278
  546.0000    1.7147    1.7147   -0.3581   -0.3581
  547.0000    0.9774    0.9599   -0.9282   -0.9245
  548.0000    0.2887    0.2887   -1.5180   -1.5180
  549.0000   -0.1414   -0.1414   -1.7598   -1.7598
  550.0000   -0.6242   -0.6242   -1.5380   -1.5380
  551.0000   -1.2331   -1.2331   -0.8286   -0.8286
  552.0000   -1.7017   -1.7017   -0.0646   -0.0646
  553.0000   -1.9698   -1.9698    0.6364    0.6364
  554.0000   -1.7217   -1.7217    1.3943    1.3943
  555.0000   -1.1304   -1.1304    1.6497    1.6497
  556.0000   -0.8150   -0.8748    1.4611    1.4360
  557.0000   -0.9467   -0.9467    1.0164    1.0164
  558.0000   -1.0935   -1.0935    0.6167    0.6167
  559.0000   -1.0151   -1.0151    0.3241    0.3241
  560.0000   -0.7660   -0.7660    0.2105    0.2105
  561.0000   -0.5422   -0.5422    0.0882    0.0882
  562.0000   -0.3925   -0.3925    0.1132    0.1132
  563.0000   -0.0034   -0.0034    0.3015    0.3015
  564.0000    0.2808    0.2808    0.3390    0.3390
  565.0000    0.2318    0.2318    0.0861    0.0861
  566.0000    0.0924    0.0924   -0.2168   -0.2168
  567.0000    0.1139    0.1139   -0.4575   -0.4575
  568.0000    0.0561    0.0561   -0.4688   -0.4688
  569.0000   -0.0190   -0.0190   -0.3407   -0.3407
  570.0000   -0.0026   -0.0026   -0.3604   -0.3604
  571.0000   -0.1656   -0.1656   -0.5888   -0.5888
  572.0000   -0.4173   -0.4173   -0.7445   -0.7445
  573.0000   -0.5720   -0.5720   -0.8272   -0.8272
  574.0000   -0.6760   -0.6328   -1.0064   -0.9487
  575.0000   -0.5945   -0.5945   -0.9996   -0.9996
  576.0000   -0.4413   -0.4413   -0.9117   -0.9117
  577.0000   -0.2717   -0.2717   -0.9299   -0.9299
  578.0000   -0.3889   -0.3889   -1.0193   -1.0193
  579.0000   -0.6249   -0.6249   -1.0298   -1.0298
  580.0000   -1.0430   -1.0430   -0.8664   -0.8664
  581.0000   -1.4460   -1.4460   -0.5641   -0.5641
  582.0000   -1.4794   -1.4794   -0.0807   -0.0807
  583.0000   -1.4830   -1.4830    0.4159    0.4159
  584.0000   -1.3752   -1.3752    0.4657    0.4657
  585.0000   -1.4924   -1.4924    0.3361    0.3361
  586.0000   -1.5199   -1.5199    0.2517    0.2517
  587.0000   -1.3765   -1.3765    0.2710    0.2710
  588.0000   -1.1647   -1.1647    0.1863    0.1863
  589.0000   -1.0888   -1.0888   -0.0382   -0.0382
  590.0000   -0.9763   -0.9763   -0.2533   -0.2533
  591.0000   -1.0261   -1.0261   -0.3475   -0.3475
  592.0000   -1.1720   -1.1720   -0.1540   -0.1540
  593.0000   -1.6835   -1.6835   -0.0710   -0.0710
  594.0000   -2.0572   -2.0572    0.1086    0.1086
  595.0000   -2.1130   -2.1130    0.2910    0.2910
  596.0000   -1.7464   -1.7759    0.2720    0.2551
  597.0000   -1.3424   -1.3424   -0.0821   -0.0821
  598.0000   -1.0951   -1.0951   -0.6482   -0.6482
  599.0000   -0.9202   -0.9202   -1.0413   -1.0413
  600.0000   -0.8779   -0.8779   -1.2734   -1.2734
  601.0000   -1.0035   -1.0035   -1.3223   -1.3223
  602.0000   -0.9053   -0.9053   -1.2085   -1.2085
  603.0000   -0.6926   -0.6926   -1.0414   -1.0414
  604.0000   -0.5525   -0.5525   -0.6366   -0.6366
  605.0000   -0.4117   -0.4117   -0.1612   -0.1612
  606.0000   -0.1072   -0.1072    0.2275    0.2275
  607.0000   -0.0560   -0.0560    0.8540    0.8540
  608.0000   -0.0516   -0.0516    1.3287    1.3287
  609.0000    0.2177    0.2177    1.4730    1.4730
  610.0000    0.4869    0.4869    1.3416    1.3416
  611.0000    0.5839    0.5839    1.0814    1.0814
  612.0000    0.5468    0.5468    0.8332    0.8332
  613.0000    0.6532    0.6532    0.7389    0.7389
  614.0000    0.6939    0.6939    0.8094    0.8094
  615.0000    1.0401    1.0401    0.7522    0.7522
  616.0000    1.5063    1.4151    0.4580    0.5023
  617.0000    1.6538    1.6538    0.1687    0.1687
  618.0000    1.6617    1.6617   -0.1262   -0.1262
  619.0000    1.4078    1.4078   -0.2856   -0.2856
  620.0000    1.2018    1.2018   -0.2240   -0.2240
  621.0000    0.8334    0.8334   -0.0604   -0.0604
  622.0000    0.5614    0.5614    0.2589    0.2589
  623.0000    0.4678    0.4678    0.2904    0.2904
  624.0000    0.3355    0.3355   -0.0696   -0.0696
  625.0000    0.1905    0.1905   -0.4024   -0.4024
  626.0000    0.1095    0.1095   -0.6899   -0.6899
  627.0000    0.0338    0.0338   -0.7325   -0.7325
  628.0000   -0.0660   -0.0660   -0.4159   -0.4159
  629.0000   -0.1796   -0.1796   -0.1910   -0.1910
  630.0000    0.2504    0.2504   -0.1302   -0.1302
  631.0000    0.7168    0.7168   -0.0932   -0.0932
  632.0000    1.3021    1.3021    0.1209    0.1209
  633.0000    1.7653    1.7653    0.0234    0.0234
  634.0000    2.1541    2.1541   -0.1106   -0.1106
  635.0000    2.1647    2.1647    0.2040    0.2040
  636.0000    2.0192    2.0192    0.7098    0.7098
  637.0000    1.5664    1.5664    0.8461    0.8461
  638.0000    1.1180    1.1180    0.6381    0.6381
  639.0000    0.7114    0.7114    0.2445    0.2445
  640.0000    0.3043    0.3043    0.0918    0.0918
  641.0000    0.1122    0.1122    0.0604    0.0604
  642.0000   -0.0922   -0.0922    0.1749    0.1749
  643.0000   -0.5122   -0.5122    0.0982    0.0982
  644.0000   -0.4525   -0.4525   -0.1920   -0.1920
  645.0000   -0.2124   -0.2124   -0.4711   -0.4711
  646.0000   -0.1840   -0.1840   -0.8609   -0.8609
  647.0000   -0.4432   -0.4432   -1.0749   -1.0749
  648.0000   -0.7701   -0.7701   -1.1622   -1.1622
  649.0000   -0.9469   -0.9469   -1.2952   -1.2952
  650.0000   -0.8461   -0.8461   -1.3860   -1.3860
  651.0000   -0.5224   -0.5224   -1.1957   -1.1957
  652.0000   -0.2932   -0.2932   -0.8912   -0.8912
  653.0000   -0.3285   -0.3285   -0.5882   -0.5882
  654.0000   -0.6163   -0.6163   -0.4601   -0.4601
  655.0000   -0.8659   -0.8659   -0.4529   -0.4529
  656.0000   -1.0786   -1.0786   -0.5529   -0.5529
  657.0000   -1.2127   -1.2127   -0.4268   -0.4268
  658.0000   -1.0098   -0.9928   -0.4275   -0.5516
  659.0000   -0.4969   -0.4969   -0.7158   -0.7158
  660.0000    0.0962    0.0962   -0.5402   -0.5402
  661.0000    0.5816    0.5816   -0.0554   -0.0554
  662.0000    0.6749    0.6749    0.3825    0.3825
  663.0000    0.6482    0.6482    0.6635    0.6635
  664.0000    0.9135    0.9135    0.7829    0.7829
  665.0000    1.2256    1.2256    1.0581    1.0581
  666.0000    1.2425    1.3960    1.3203    1.3138
  667.0000    1.4831    1.4831    1.3919    1.3919
  668.0000    1.7030    1.5671    1.1487    1.2273
  669.0000    1.7768    1.6176    0.8950    0.9439
  670.0000    1.5769    1.5769    0.7127    0.7127
  671.0000    1.4105    1.4105    0.5555    0.5555
  672.0000    1.1654    1.1654    0.1777    0.1777
  673.0000    0.8490    0.8490    0.0223    0.0223
  674.0000    0.4444    0.4444   -0.0485   -0.0485
  675.0000    0.0915    0.0915   -0.1421   -0.1421
  676.0000   -0.0784   -0.0784   -0.3691   -0.3691
  677.0000   -0.2309   -0.2309   -0.5398   -0.5398
  678.0000   -0.0064   -0.0064   -0.6110   -0.6110
  679.0000    0.4995    0.4995   -0.4934   -0.4934
  680.0000    1.0654    1.0654   -0.3198   -0.3198
  681.0000    1.3861    1.3861   -0.1384   -0.1384
  682.0000    1.6338    1.6338   -0.0052   -0.0052
  683.0000    2.0224    2.0224    0.3011    0.3011
  684.0000    2.2880    2.3475    0.4971    0.4690
  685.0000    2.3537    2.3537    0.5054    0.5054
  686.0000    1.9195    1.9195    0.4637    0.4637
  687.0000    1.3429    1.3429    0.2065    0.2065
  688.0000    0.8064    0.8064   -0.1139   -0.1139
  689.0000    0.3410    0.3410   -0.6771   -0.6771
  690.0000   -0.1873   -0.1873   -0.8934   -0.8934
  691.0000   -0.6445   -0.6445   -0.7348   -0.7348
  692.0000   -1.0745   -1.0745   -0.7079   -0.7079
  693.0000   -1.1651   -1.1651   -0.5568   -0.5568
  694.0000   -1.1554   -1.1554   -0.4924   -0.4924
  695.0000   -1.0737   -1.0737   -0.4896   -0.4896
  696.0000   -0.8731   -0.8731   -0.6831   -0.6831
  697.0000   -0.1459   -0.1459   -0.7441   -0.7441
  698.0000    0.4124    0.4124   -0.4553   -0.4553
  699.0000    0.8203    0.8203    0.0638    0.0638
  700.0000    1.0191    1.0191    0.6993    0.6993
  701.0000    1.3407    1.3407    1.1491    1.1491
  702.0000    1.6939    1.6939    1.2767    1.2767
  703.0000    1.7557    1.7557    1.4687    1.4687
  704.0000    1.9590    1.9590    1.3838    1.3838
  705.0000    1.8795    1.8795    1.2846    1.2846
  706.0000    1.5506    1.5506    0.9606    0.9606
  707.0000    1.2872    1.2872    0.4606    0.4606
  708.0000    0.9614    0.9614    0.0814    0.0814
  709.0000    0.5221    0.5221   -0.1519   -0.1519
  710.0000    0.1601    0.1601   -0.3293   -0.3293
  711.0000   -0.2812   -0.2812   -0.3047   -0.3047
  712.0000   -0.6973   -0.6973   -0.2210   -0.2210
  713.0000   -1.1909   -1.1909    0.0549    0.0549
  714.0000   -1.4578   -1.4578    0.1443    0.1443
  715.0000   -1.6304   -1.6304    0.1237    0.1237
  716.0000   -1.5219   -1.5219   -0.0561   -0.0561
  717.0000   -1.2496   -1.2496   -0.1341   -0.1341
  718.0000   -1.3676   -1.3676   -0.2375   -0.2375
  719.0000   -1.3368   -1.3368   -0.0950   -0.0950
  720.0000   -1.1421   -1.1421    0.1413    0.1413
  721.0000   -0.9112   -0.9279    0.0962    0.1721
  722.0000   -0.7969   -0.7969    0.1414    0.1414
  723.0000   -0.7969   -0.7969    0.2764    0.2764
  724.0000   -0.7882   -0.7882    0.5471    0.5471
  725.0000   -0.6501   -0.6501    0.6727    0.6727
  726.0000   -0.4715   -0.4715    1.0287    1.0287
  727.0000   -0.4688   -0.4688    1.3134    1.3134
  728.0000   -0.5762   -0.5762    1.3567    1.3567
  729.0000   -0.7162   -0.7162    1.3738    1.3738
  730.0000   -0.9088   -0.9088    1.4044    1.4044
  731.0000   -1.3304   -1.3304    1.1610    1.1610
  732.0000   -1.9533   -1.9533    0.9378    0.9378
  733.0000   -2.4944   -2.4944    0.6770    0.6770
  734.0000   -2.7453   -2.7453    0.4025    0.4025
  735.0000   -2.7331   -2.7331    0.4401    0.4401
  736.0000   -2.3466   -2.3466    0.5108    0.5108
  737.0000   -1.8815   -1.8815    0.4534    0.4534
  738.0000   -1.6660   -1.6660    0.2270    0.2270
  739.0000   -1.6605   -1.6605    0.1293    0.1293
  740.0000   -1.6694   -1.6694    0.0589    0.0589
  741.0000   -1.3977   -1.3977   -0.1594   -0.1594
  742.0000   -1.0147   -1.0147   -0.2854   -0.2854
  743.0000   -0.6609   -0.5843   -0.2332   -0.3023
  744.0000   -0.4151   -0.1553   -0.1850   -0.2712
  745.0000    0.0532    0.2105   -0.2644   -0.2503
  746.0000    0.4511    0.4511   -0.2981   -0.2981
  747.0000    0.5539    0.5539   -0.3656   -0.3656
  748.0000    0.6693    0.6693   -0.1558   -0.1558
  749.0000    0.8480    0.8480    0.0811    0.0811
  750.0000    1.0278    1.0278    0.2011    0.2011
  751.0000    1.0714    1.0714    0.2147    0.2147
  752.0000    1.0149    1.0149    0.1048    0.1048
  753.0000    1.1260    1.1260   -0.1374   -0.1374
  754.0000    1.2639    1.2639   -0.2345   -0.2345
  755.0000    1.0713    1.0713   -0.1058   -0.1058
  756.0000    0.6952    0.6952   -0.1032   -0.1032
  757.0000   -0.0771   -0.0123   -0.0936   -0.1139
  758.0000   -0.5721   -0.5721    0.0053    0.0053
  759.0000   -0.6035   -0.6035    0.3340    0.3340
  760.0000   -0.6193   -0.6193    0.8261    0.8261
  761.0000   -0.4255   -0.4255    1.3695    1.3695
  762.0000   -0.2912   -0.2912    1.7141    1.7141
  763.0000   -0.4602   -0.4759    1.6589    1.6296
  764.0000   -0.7254   -0.7254    1.2054    1.2054
  765.0000   -0.7993   -0.7993    0.6084    0.6084
  766.0000   -0.8498   -0.8498   -0.0042   -0.0042
  767.0000   -0.7341   -0.7341   -0.4726   -0.4726
  768.0000   -0.7834   -0.7834   -0.7383   -0.7383
  769.0000   -0.9208   -0.9208   -0.8654   -0.8654
  770.0000   -0.9191   -0.9191   -0.8391   -0.8391
  771.0000   -1.0276   -1.0276   -0.6869   -0.6869
  772.0000   -1.0656   -1.0656   -0.4493   -0.4493
  773.0000   -1.0258   -1.0258   -0.3791   -0.3791
  774.0000   -0.8192   -0.8192   -0.2371   -0.2371
  775.0000   -0.4345   -0.4345    0.0238    0.0238
  776.0000   -0.1174   -0.1174    0.3385    0.3385
  777.0000    0.1916    0.1916    0.3887    0.3887
  778.0000    0.5567    0.6029    0.2043    0.1936
  779.0000    0.8922    0.8922   -0.0474   -0.0474
  780.0000    0.8599    0.8599   -0.2518   -0.2518
  781.0000    0.6916    0.6916   -0.6861   -0.6861
  782.0000    0.4189    0.4189   -1.0698   -1.0698
  783.0000    0.0313    0.0313   -1.3241   -1.3241
  784.0000   -0.0625   -0.0625   -1.4739   -1.4739
  785.0000    0.1590    0.1590   -1.5348   -1.5348
  786.0000    0.7716    0.7716   -1.4999   -1.4999
  787.0000    1.3381    1.3381   -1.6243   -1.6243
  788.0000    1.4325    1.4325   -1.3880   -1.3880
  789.0000    1.4127    1.4127   -1.0819   -1.0819
  790.0000    1.6730    1.6730   -0.8674   -0.8674
  791.0000    1.8747    1.8747   -0.6005   -0.6005
  792.0000    1.8334    1.8334   -0.3579   -0.3579
  793.0000    1.5585    1.5585   -0.1303   -0.1303
  794.0000    1.3109    1.3109    0.0703    0.0703
  795.0000    0.8812    0.8812    0.2679    0.2679
  796.0000    0.5590    0.5590    0.3683    0.3683
  797.0000    0.2519    0.2519    0.1140    0.1140
  798.0000    0.0911    0.0911   -0.1611   -0.1611
  799.0000    0.0279    0.0279   -0.4689   -0.4689
  800.0000    0.2147    0.2147   -0.5547   -0.5547
  801.0000    0.5867    0.5867   -0.5137   -0.5137
  802.0000    0.5010    0.5010   -0.2470   -0.2470
  803.0000    0.0586    0.0586    0.1877    0.1877
  804.0000   -0.6665   -0.6665    0.4981    0.4981
  805.0000   -1.3142   -1.3142    0.7541    0.7541
  806.0000   -1.8516   -1.8516    1.0401    1.0401
  807.0000   -2.1141   -2.1141    1.0678    1.0678
  808.0000   -2.0288   -2.0288    0.9956    0.9956
  809.0000   -1.5787   -1.5787    0.7153    0.7153
  810.0000   -0.9734   -0.9734    0.6952    0.6952
  811.0000   -0.4613   -0.4613    0.8267    0.8267
  812.0000   -0.2578   -0.2578    0.6649    0.6649
  813.0000   -0.1336   -0.1336    0.1894    0.1894
  814.0000   -0.1573   -0.1573   -0.3302   -0.3302
  815.0000   -0.3232   -0.3232   -0.7432   -0.7432
  816.0000   -0.4514   -0.4514   -0.8917   -0.8917
  817.0000   -0.3809   -0.3809   -0.7989   -0.7989
  818.0000   -0.2853   -0.2853   -0.5026   -0.5026
  819.0000   -0.2558   -0.2558    0.2480    0.2480
  820.0000   -0.3097   -0.3097    1.0501    1.0501
  821.0000   -0.3546   -0.3546    1.5228    1.5228
  822.0000   -0.2948   -0.2948    1.6909    1.6909
  823.0000   -0.1021   -0.0114    1.7233    1.6549
  824.0000    0.3476    0.3476    1.4519    1.4519
  825.0000    0.6229    0.6229    1.0473    1.0473
  826.0000    0.8530    0.8530    0.4354    0.4354
  827.0000    0.9472    0.9472    0.2892    0.2892
  828.0000    0.8868    0.8868    0.4816    0.4816
  829.0000    0.8390    0.8390    0.7837    0.7837
  830.0000    1.0106    1.0106    0.9746    0.9746
  831.0000    1.3789    1.3789    1.2601    1.2601
  832.0000    1.8479    1.8479    1.4359    1.4359
  833.0000    2.0011    2.0011    1.5009    1.5009
  834.0000    1.7125    1.7125    1.1635    1.1635
  835.0000    1.3609    1.3609    0.8348    0.8348
  836.0000    1.2688    1.2688    0.5192    0.5192
  837.0000    1.5176    1.3877    0.0649    0.1453
  838.0000    1.5478    1.5478   -0.0840   -0.0840
  839.0000    1.5335    1.5335   -0.0512   -0.0512
  840.0000    1.1415    1.1415   -0.1058   -0.1058
  841.0000    0.7882    0.7882   -0.1163   -0.1163
  842.0000    0.9439    0.9439    0.2190    0.2190
  843.0000    1.2665    1.2665    0.5619    0.5619
  844.0000    1.2451    1.2451    0.7415    0.7415
  845.0000    0.7413    0.7413    0.6000    0.6000
  846.0000    0.5942    0.5942    0.0517    0.0517
  847.0000    0.5915    0.5915   -0.4503   -0.4503
  848.0000    0.6395    0.6395   -0.9767   -0.9767
  849.0000    0.6536    0.6536   -1.1108   -1.1108
  850.0000    0.7120    0.7120   -1.1933   -1.1933
  851.0000    0.6951    0.6951   -1.2006   -1.2006
  852.0000    0.7254    0.7254   -1.3002   -1.3002
  853.0000    0.7525    0.7333   -1.1803   -1.2099
  854.0000    0.5700    0.5700   -0.9900   -0.9900
  855.0000    0.1566    0.1566   -0.8126   -0.8126
  856.0000   -0.4456   -0.3410   -0.7112   -0.7618
  857.0000   -0.8434   -0.8434   -0.8573   -0.8573
  858.0000   -1.2981   -1.2981   -1.0323   -1.0323
  859.0000   -1.6301   -1.6301   -1.0779   -1.0779
  860.0000   -1.8432   -1.8432   -1.2018   -1.2018
  861.0000   -1.8897   -1.8897   -1.2414   -1.2414
  862.0000   -1.8067   -1.8067   -1.1234   -1.1234
  863.0000   -1.6742   -1.6742   -0.8740   -0.8740
  864.0000   -1.6826   -1.6826   -0.5166   -0.5166
  865.0000   -1.6795   -1.6795   -0.0793   -0.0793
  866.0000   -1.8844   -1.8844   -0.0019   -0.0019
  867.0000   -2.1567   -2.1567   -0.1658   -0.1658
  868.0000   -1.9580   -1.9580   -0.2369   -0.2369
  869.0000   -1.5657   -1.5657   -0.1420   -0.1420
  870.0000   -1.1086   -1.1086   -0.1536   -0.1536
  871.0000   -0.9360   -0.9360   -0.0758   -0.0758
  872.0000   -0.8069   -0.8069    0.0408    0.0408
  873.0000   -0.6449   -0.6449    0.2874    0.2874
  874.0000   -0.3148   -0.3148    0.1747    0.1747
  875.0000   -0.1347   -0.1347   -0.2340   -0.2340
  876.0000   -0.1020   -0.1020   -0.5455   -0.5455
  877.0000   -0.0953   -0.0953   -0.5872   -0.5872
  878.0000   -0.0952   -0.0952   -0.6437   -0.6437
  879.0000    0.0796    0.0796   -0.6387   -0.6387
  880.0000    0.1836    0.1836   -1.0134   -1.0134
  881.0000    0.2180    0.2180   -1.3659   -1.3659
  882.0000    0.1157    0.1157   -1.4296   -1.4296
  883.0000   -0.0004   -0.0004   -1.4218   -1.4218
  884.0000    0.2414    0.2414   -1.6481   -1.6481
  885.0000    0.6629    0.6629   -1.7410   -1.7410
  886.0000    0.9599    0.9538   -1.5051   -1.4598
  887.0000    1.0964    1.0964   -0.8273   -0.8273
  888.0000    1.1903    1.1903    0.0339    0.0339
  889.0000    1.4141    1.4141    0.7243    0.7243
  890.0000    1.6041    1.6041    0.7315    0.7315
  891.0000    1.4489    1.4489    0.2772    0.2772
  892.0000    1.1451    1.1451   -0.4012   -0.4012
  893.0000    1.0099    1.0099   -0.9146   -0.9146
  894.0000    1.0332    1.0332   -0.9591   -0.9591
  895.0000    1.1794    1.1794   -0.5340   -0.5340
  896.0000    1.2130    1.2130   -0.0228   -0.0228
  897.0000    0.7425    0.7425    0.2944    0.2944
  898.0000    0.2396    0.2396    0.2632    0.2632
  899.0000   -0.2108   -0.2108    0.1235    0.1235
  900.0000   -0.6169   -0.6169    0.1573    0.1573
  901.0000   -0.8612   -0.8612    0.2569    0.2569
  902.0000   -0.8544   -0.8544    0.0725    0.0725
  903.0000   -1.0407   -1.0407   -0.1517   -0.1517
  904.0000   -1.6850   -1.6850   -0.2253   -0.2253
  905.0000   -1.8163   -1.8163   -0.3780   -0.3780
  906.0000   -1.6582   -1.6582   -0.2794   -0.2794
  907.0000   -1.2245   -1.2245   -0.0415   -0.0415
  908.0000   -0.8409   -0.8409    0.1709    0.1709
  909.0000   -0.6366   -0.6366    0.0548    0.0548
  910.0000   -0.5318   -0.5318   -0.2975   -0.2975
  911.0000   -0.2902   -0.2902   -0.6438   -0.6438
  912.0000    0.0209    0.0209   -0.6006   -0.6006
  913.0000    0.1145    0.1145   -0.3879   -0.3879
  914.0000   -0.1814   -0.1814   -0.0737   -0.0737
  915.0000   -0.3314   -0.3314    0.2679    0.2679
  916.0000   -0.2227   -0.2227    0.3311    0.3311
  917.0000    0.1880    0.1880    0.3209    0.3209
  918.0000    0.3245    0.3245    0.5048    0.5048
  919.0000    0.0243    0.0243    0.4425    0.4425
  920.0000   -0.3336   -0.3336    0.2747    0.2747
  921.0000   -0.6288   -0.6288   -0.0136   -0.0136
  922.0000   -1.0813   -1.0813   -0.4549   -0.4549
  923.0000   -1.0676   -1.0676   -0.7350   -0.7350
  924.0000   -0.9462   -0.9462   -0.6810   -0.6810
  925.0000   -0.7188   -0.7188   -0.5324   -0.5324
  926.0000   -0.6333   -0.5519   -0.2800   -0.3303
  927.0000   -0.5833   -0.4430   -0.0070   -0.0194
  928.0000   -0.3145   -0.3196    0.4382    0.4601
  929.0000   -0.1092   -0.1092    1.1679    1.1679
  930.0000    0.2227    0.2227    2.0558    2.0558
  931.0000    0.5920    0.5920    2.6832    2.6832
  932.0000    0.9526    0.9526    2.7996    2.7996
  933.0000    1.0976    1.0976    2.6811    2.6811
  934.0000    0.9942    0.9942    2.4481    2.4481
  935.0000    0.7951    0.7951    2.0561    2.0561
  936.0000    0.7171    0.6767    1.5627    1.6122
  937.0000    0.5832    0.5832    1.1867    1.1867
  938.0000    0.4759    0.4759    0.8352    0.8352
  939.0000    0.4273    0.4273    0.6261    0.6261
  940.0000    0.0769    0.0769    0.5456    0.5456
  941.0000   -0.1259   -0.1089    0.5214    0.5152
  942.0000   -0.0072   -0.0072    0.6056    0.6056
  943.0000    0.3111    0.3111    0.8361    0.8361
  944.0000    0.5772    0.5772    1.0068    1.0068
  945.0000    0.5221    0.5221    1.2930    1.2930
  946.0000    0.6672    0.6672    1.4460    1.4460
  947.0000    0.8158    0.8158    1.3865    1.3865
  948.0000    1.0367    1.0367    1.0468    1.0468
  949.0000    1.3413    1.3413    0.5188    0.5188
  950.0000    1.4292    1.4292   -0.0051   -0.0051
  951.0000    1.0401    1.0401   -0.4383   -0.4383
  952.0000    0.4878    0.4878   -0.9354   -0.9354
  953.0000    0.1344    0.0251   -1.1929   -1.1738
  954.0000   -0.2105   -0.2925   -1.2221   -1.1816
  955.0000   -0.4477   -0.4477   -1.1189   -1.1189
  956.0000   -0.4636   -0.4636   -1.1188   -1.1188
  957.0000   -0.4551   -0.4551   -1.1737   -1.1737
  958.0000   -0.3864   -0.3864   -1.1511   -1.1511
  959.0000   -0.3923   -0.3923   -1.0133   -1.0133
  960.0000   -0.2288   -0.2374   -0.7462   -0.7940
  961.0000   -0.0515   -0.0515   -0.5310   -0.5310
  962.0000   -0.0421   -0.0421   -0.2504   -0.2504
  963.0000   -0.1693   -0.1693   -0.0439   -0.0439
  964.0000   -0.1901   -0.1901   -0.1261   -0.1261
  965.0000    0.0125    0.0125   -0.0157   -0.0157
  966.0000    0.2157    0.2157   -0.0633   -0.0633
  967.0000    0.0793    0.1191    0.0362    0.0239
  968.0000   -0.0857   -0.0857    0.3088    0.3088
  969.0000   -0.1214   -0.1214    0.6490    0.6490
  970.0000    0.0297    0.0664    0.6720    0.6945
  971.0000    0.3412    0.3412    0.4229    0.4229
  972.0000    0.6295    0.6295   -0.0243   -0.0243
  973.0000    1.1067    1.1067   -0.4017   -0.4017
  974.0000    1.5472    1.5472   -0.7671   -0.7671
  975.0000    1.8795    1.8795   -0.7625   -0.7625
  976.0000    1.9381    1.9381   -0.8726   -0.8726
  977.0000    1.8974    1.8974   -1.1312   -1.1312
  978.0000    1.8185    1.8185   -1.4582   -1.4582
  979.0000    1.8676    1.8676   -1.4961   -1.4961
  980.0000    1.8113    1.8113   -0.9928   -0.9928
  981.0000    1.6584    1.6584   -0.4317   -0.4317
  982.0000    1.2626    1.2626    0.1128    0.1128
  983.0000    0.6284    0.6284    0.4008    0.4008
  984.0000    0.1425    0.1425    0.6417    0.6417
  985.0000   -0.2127   -0.2127    0.8323    0.8323
  986.0000   -0.4710   -0.4710    0.8436    0.8436
  987.0000   -0.6448   -0.6448    0.7725    0.7725
  988.0000   -0.5197   -0.5197    0.8580    0.8580
  989.0000   -0.1169   -0.1169    0.8005    0.8005
  990.0000    0.3214    0.3214    0.4600    0.4600
  991.0000    0.5995    0.5995    0.0177    0.0177
  992.0000    0.4006    0.4006   -0.1352   -0.1352
  993.0000   -0.1615   -0.1615   -0.2910   -0.2910
  994.0000   -0.5108   -0.5108   -0.2770   -0.2770
  995.0000   -0.6137   -0.6961   -0.1732   -0.1126
  996.0000   -0.7582   -0.7799    0.0867    0.1270
  997.0000   -0.8154   -0.7768    0.3857    0.3780
  998.0000   -0.7014   -0.7014    0.5768    0.5768
  999.0000   -0.5984   -0.5984    0.6316    0.6316
 1000.0000   -0.6020   -0.6020    0.4491    0.4491
 1001.0000   -0.7302   -0.7302    0.3241    0.3241
 1002.0000   -0.9369   -0.9369    0.4789    0.4789
 1003.0000   -1.2373   -1.2373    0.8027    0.8027
 1004.0000   -1.4622   -1.4622    1.0079    1.0079
 1005.0000   -1.5884   -1.5884    0.6025    0.6025
 1006.0000   -1.4039   -1.4039   -0.0686   -0.0686
 1007.0000   -0.9759   -0.9759   -0.4854   -0.4854
 1008.0000   -0.3530   -0.3530   -0.5834   -0.5834
 1009.0000    0.3026    0.3026   -0.7256   -0.7256
 1010.0000    0.7301    0.7301   -0.7859   -0.7859
 1011.0000    0.7649    0.7649   -1.0973   -1.0973
 1012.0000    0.3950    0.3950   -1.2722   -1.2722
 1013.0000    0.1493    0.1493   -1.1259   -1.1259
 1014.0000    0.1611    0.1611   -0.6526   -0.6526
 1015.0000    0.5518    0.5518    0.0718    0.0718
 1016.0000    0.9702    0.9702    0.7264    0.7264
 1017.0000    1.1437    1.1437    1.1445    1.1445
 1018.0000    1.1257    1.1257    1.0514    1.0514
 1019.0000    1.1671    1.1671    1.0622    1.0622
 1020.0000    1.2444    1.2444    1.2775    1.2775
 1021.0000    1.2327    1.2327    1.2676    1.2676
 1022.0000    0.7359    0.7359    1.0095    1.0095
 1023.0000    0.4433    0.4433    0.7163    0.7163
