    0.0000    0.0513    0.0513   -0.0907   -0.0907
    1.0000    0.2759    0.2759    0.2276    0.2276
    2.0000    0.2236    0.2236    0.3557    0.3557
    3.0000   -0.0555   -0.0555    0.3837    0.3837
    4.0000   -0.0795   -0.0795    0.4042    0.4042
    5.0000    0.0138    0.0138    0.5030    0.5030
    6.0000    0.0161    0.0161    0.6315    0.6315
    7.0000   -0.2293   -0.2293    0.6370    0.6370
    8.0000   -0.4203   -0.4203    0.4908    0.4908
    9.0000   -0.5107   -0.5107    0.2139    0.2139
   10.0000   -0.7259   -0.7259   -0.0777   -0.0777
   11.0000   -0.9857   -0.9857   -0.5597   -0.5597
   12.0000   -1.2624   -1.2624   -1.1370   -1.1370
   13.0000   -1.5194   -1.5194   -1.5613   -1.5613
   14.0000   -1.6227   -1.6227   -1.5999   -1.5999
   15.0000   -1.6908   -1.6908   -1.4064   -1.4064
   16.0000   -1.7232   -1.7232   -1.1033   -1.1033
   17.0000   -1.4761   -1.4761   -0.8352   -0.8352
   18.0000   -0.8846   -0.8846   -0.6150   -0.6150
   19.0000   -0.1938   -0.1504   -0.3881   -0.4034
   20.0000    0.3106    0.3106   -0.1746   -0.1746
   21.0000    0.2521    0.2521    0.0571    0.0571
   22.0000    0.1341    0.1341    0.1588    0.1588
   23.0000    0.0680    0.0680    0.0840    0.0840
   24.0000    0.0454    0.0454   -0.1027   -0.1027
   25.0000    0.0264    0.0264   -0.3713   -0.3713
   26.0000    0.0700    0.0700   -0.5514   -0.5514
   27.0000    0.0763    0.0763   -0.5789   -0.5789
   28.0000    0.2550    0.2550   -0.1974   -0.1974
   29.0000    0.3396    0.3396    0.1676    0.1676
   30.0000    0.3031    0.3031    0.1955    0.1955
   31.0000    0.3005    0.3005   -0.0793   -0.0793
   32.0000    0.5190    0.4694   -0.4906   -0.5827
   33.0000    0.7477    0.7204   -1.0779   -1.1568
   34.0000    0.9057    0.9057   -1.6186   -1.6186
   35.0000    0.8866    0.8866   -1.7933   -1.7933
   36.0000    0.6564    0.6564   -1.6546   -1.6546
   37.0000    0.5532    0.5532   -1.5072   -1.5072
   38.0000    0.6039    0.6039   -1.2552   -1.2552
   39.0000    0.2930    0.2930   -0.9007   -0.9007
   40.0000    0.0963    0.0963   -0.7502   -0.7502
   41.0000    0.1180    0.1180   -0.6428   -0.6428
   42.0000    0.2768    0.2768   -0.4824   -0.4824
   43.0000    0.3777    0.3777   -0.1686   -0.1686
   44.0000    0.6066    0.6066    0.0391    0.0391
   45.0000    0.6876    0.6876    0.1645    0.1645
   46.0000    0.5978    0.5978    0.0480    0.0480
   47.0000    0.3660    0.3660   -0.0335   -0.0335
   48.0000    0.2612    0.2612   -0.0819   -0.0819
   49.0000    0.3480    0.3480   -0.0535   -0.0535
   50.0000    0.5334    0.5334    0.1335    0.1335
   51.0000    0.9855    0.9855    0.3098    0.3098
   52.0000    1.4257    1.4257    0.4316    0.4316
   53.0000    1.6984    1.6984    0.6562    0.6562
   54.0000    1.7788    1.7788    0.9089    0.9089
   55.0000    1.5498    1.5498    1.4657    1.4657
   56.0000    1.4039    1.3714    1.9383    1.8896
   57.0000    1.3954    1.3954    1.9437    1.9437
   58.0000    1.5768    1.5768    1.6888    1.6888
   59.0000    1.5750    1.5750    1.5711    1.5711
   60.0000    1.3881    1.3881    1.1066    1.1066
   61.0000    1.0939    1.0939    0.6694    0.6694
   62.0000    0.9942    0.9942    0.6573    0.6573
   63.0000    0.7110    0.7110    0.6832    0.6832
   64.0000    0.6097    0.6097    0.6996    0.6996
   65.0000    0.6468    0.6468    0.8287    0.8287
   66.0000    0.6387    0.6387    0.9522    0.9522
   67.0000    0.5924    0.5924    0.9227    0.9227
   68.0000    0.6706    0.6706    0.5903    0.5903
   69.0000    0.6145    0.6145    0.0154    0.0154
   70.0000    0.5413    0.5413   -0.3163   -0.3163
   71.0000    0.1613    0.1613   -0.4103   -0.4103
   72.0000   -0.1692   -0.1692   -0.2316   -0.2316
   73.0000   -0.3860   -0.3860   -0.3154   -0.3154
   74.0000   -0.3771   -0.3771   -0.5793   -0.5793
   75.0000   -0.0955   -0.0955   -0.9549   -0.9549
   76.0000    0.2337    0.2337   -1.2507   -1.2507
   77.0000    0.2756    0.2756   -1.4123   -1.4123
   78.0000    0.0973    0.0973   -1.6552   -1.6552
   79.0000   -0.0269   -0.0269   -1.7496   -1.7496
   80.0000   -0.0458   -0.0458   -1.6278   -1.6278
   81.0000   -0.2081   -0.2081   -1.3392   -1.3392
   82.0000   -0.5709   -0.5709   -0.8949   -0.8949
   83.0000   -0.8723   -0.8723   -0.4571   -0.4571
   84.0000   -1.4688   -1.4688   -0.0077   -0.0077
   85.0000   -2.0527   -2.0527    0.2756    0.2756
   86.0000   -2.3147   -2.3147    0.5582    0.5582
   87.0000   -2.0992   -2.0992    0.9436    0.9436
   88.0000   -1.4953   -1.4953    1.2454    1.2454
   89.0000   -1.0500   -1.0500    1.2511    1.2511
   90.0000   -1.1224   -1.1224    1.0915    1.0915
   91.0000   -1.3765   -1.3765    1.0004    1.0004
   92.0000   -1.5461   -1.5692    1.0500    1.1036
   93.0000   -1.6704   -1.6704    1.1394    1.1394
   94.0000   -1.6289   -1.6289    0.9094    0.9094
   95.0000   -1.3176   -1.3176    0.7776    0.7776
   96.0000   -1.0187   -1.0187    0.8109    0.8109
   97.0000   -0.5553   -0.5553    0.5201    0.5201
   98.0000   -0.0953   -0.0953    0.0062    0.0062
   99.0000    0.0574    0.0574   -0.4522   -0.4522
  100.0000    0.1356    0.1356   -0.6075   -0.6075
  101.0000   -0.0424   -0.0201   -0.6494   -0.7566
  102.0000   -0.3275   -0.3142   -0.8161   -0.9281
  103.0000   -0.5448   -0.5448   -1.0397   -1.0397
  104.0000   -0.5345   -0.5345   -0.9708   -0.9708
  105.0000   -0.3022   -0.3022   -0.5908   -0.5908
  106.0000   -0.1465   -0.1465   -0.2111   -0.2111
  107.0000    0.0417    0.0417    0.0621    0.0621
  108.0000    0.2433    0.2433    0.0667    0.0667
  109.0000    0.3100    0.3100   -0.1238   -0.1238
  110.0000    0.5919    0.5919   -0.0085   -0.0085
  111.0000    0.7205    0.7205    0.0658    0.0658
  112.0000    0.6118    0.6118    0.0109    0.0109
  113.0000    0.4627    0.4627   -0.0054   -0.0054
  114.0000    0.4722    0.4722    0.1233    0.1233
  115.0000    0.6793    0.6793    0.4444    0.4444
  116.0000    0.8686    0.8686    0.6312    0.6312
  117.0000    0.9377    0.9377    0.8036    0.8036
  118.0000    0.9122    0.9122    0.8985    0.8985
  119.0000    0.7773    0.7773    0.6295    0.6295
  120.0000    0.4525    0.4525    0.2273    0.2273
  121.0000    0.0804    0.0804   -0.0186   -0.0186
  122.0000    0.2107    0.2107    0.0277    0.0277
  123.0000    0.2657    0.2657    0.5122    0.5122
  124.0000    0.3110    0.3110    1.0352    1.0352
  125.0000    0.4045    0.4045    1.2673    1.2673
  126.0000    0.4067    0.4067    1.0348    1.0348
  127.0000    0.0444    0.0444    0.6163    0.6163
  128.0000   -0.3364   -0.3364    0.4411    0.4411
  129.0000   -0.5190   -0.5190    0.2581    0.2581
  130.0000   -0.8715   -0.8715    0.1610    0.1610
  131.0000   -1.2702   -1.2702    0.0749    0.0749
  132.0000   -1.4287   -1.4287   -0.0443   -0.0443
  133.0000   -1.4577   -1.4577   -0.2383   -0.2383
  134.0000   -1.5121   -1.5121   -0.4008   -0.4008
  135.0000   -1.3664   -1.3664   -0.3262   -0.3262
  136.0000   -1.2330   -1.2330   -0.1675   -0.1675
  137.0000   -0.8647   -0.8647    0.0376    0.0376
  138.0000   -0.6320   -0.6320    0.4296    0.4296
  139.0000   -0.4779   -0.4779    0.8846    0.8846
  140.0000   -0.1849   -0.1849    0.8750    0.8750
  141.0000   -0.0350   -0.0350    0.6562    0.6562
  142.0000   -0.0273   -0.0273    0.2652    0.2652
  143.0000   -0.0110    0.0146   -0.0519   -0.0560
  144.0000    0.0683    0.0683   -0.0585   -0.0585
  145.0000    0.0610    0.0610    0.3640    0.3640
  146.0000   -0.0379   -0.0379    0.8309    0.8309
  147.0000   -0.1091   -0.1091    0.9838    0.9838
  148.0000    0.0757    0.0757    1.0002    1.0002
  149.0000    0.0534    0.0534    0.9528    0.9528
  150.0000   -0.0141   -0.0377    0.8742    0.7986
  151.0000   -0.1208   -0.1454    0.5670    0.5634
  152.0000   -0.2973   -0.2973    0.2951    0.2951
  153.0000   -0.5492   -0.5492    0.0026    0.0026
  154.0000   -0.8854   -0.8854   -0.3141   -0.3141
  155.0000   -0.8755   -0.8755   -0.2917   -0.2917
  156.0000   -0.8558   -0.8558   -0.1775   -0.1775
  157.0000   -0.7712   -0.7712   -0.2095   -0.2095
  158.0000   -0.8910   -0.8910   -0.2289   -0.2289
  159.0000   -0.7433   -0.7433   -0.2643   -0.2643
  160.0000   -0.4259   -0.4259   -0.3317   -0.3317
  161.0000   -0.0554   -0.0554   -0.4282   -0.4282
  162.0000    0.4968    0.4968   -0.3657   -0.3657
  163.0000    1.0587    1.0587   -0.1401   -0.1401
  164.0000    1.4823    1.4823    0.1897    0.1897
  165.0000    1.5736    1.5736    0.5908    0.5908
  166.0000    1.6072    1.6072    0.9577    0.9577
  167.0000    1.6664    1.6664    1.2794    1.2794
  168.0000    1.6896    1.6896    1.4416    1.4416
  169.0000    1.6598    1.6598    1.2874    1.2874
  170.0000    1.5635    1.5635    0.8416    0.8416
  171.0000    1.2698    1.2698    0.3692    0.3692
  172.0000    1.0083    1.0083    0.0116    0.0116
  173.0000    0.8843    0.8843   -0.2777   -0.2777
  174.0000    0.9538    0.9538   -0.5020   -0.5020
  175.0000    0.9863    0.9863   -0.9121   -0.9121
  176.0000    1.1183    1.1183   -1.1893   -1.1893
  177.0000    1.2493    1.2493   -1.3182   -1.3182
  178.0000    1.3770    1.3770   -1.4882   -1.4882
  179.0000    1.3945    1.3945   -1.5948   -1.5948
  180.0000    1.7042    1.7042   -1.5143   -1.5143
  181.0000    1.8584    1.8584   -1.3665   -1.3665
  182.0000    1.7784    1.8179   -1.1183   -1.2501
  183.0000    1.6533    1.6533   -1.2029   -1.2029
  184.0000    1.4406    1.4406   -1.2670   -1.2670
  185.0000    1.2870    1.2870   -1.4359   -1.4359
  186.0000    1.1180    1.1180   -1.4508   -1.4508
  187.0000    0.9527    0.9527   -1.4993   -1.4993
  188.0000    0.7102    0.6201   -1.5382   -1.5786
  189.0000    0.2012    0.2012   -1.6878   -1.6878
  190.0000   -0.1337   -0.1337   -1.6710   -1.6710
  191.0000   -0.2236   -0.2236   -1.0281   -1.0281
  192.0000   -0.1145   -0.1145   -0.3862   -0.3862
  193.0000    0.1949   -0.1116   -0.0595    0.0258
  194.0000    0.1437   -0.2115    0.1468    0.2890
  195.0000   -0.2253   -0.3132    0.3324    0.5161
  196.0000   -0.3158   -0.3158    0.8196    0.8196
  197.0000   -0.2258   -0.2258    1.1744    1.1744
  198.0000   -0.4252   -0.4252    1.2133    1.2133
  199.0000   -0.9842   -0.9842    1.1672    1.1672
  200.0000   -1.2780   -1.2780    1.0937    1.0937
  201.0000   -1.2586   -1.2586    1.0097    1.0097
  202.0000   -1.1548   -1.1548    1.0111    1.0111
  203.0000   -0.9338   -0.9338    1.2105    1.2105
  204.0000   -1.1237   -1.1237    1.4470    1.4470
  205.0000   -1.5598   -1.5598    1.5419    1.5419
  206.0000   -2.0539   -2.0539    1.4870    1.4870
  207.0000   -2.2443   -2.2443    1.2750    1.2750
  208.0000   -2.2034   -2.2034    1.1171    1.1171
  209.0000   -2.0674   -2.0674    0.7072    0.7072
  210.0000   -1.8350   -1.8350    0.3555    0.3555
  211.0000   -1.7017   -1.7017    0.2488    0.2488
  212.0000   -1.8280   -1.8280    0.4262    0.4262
  213.0000   -1.8406   -1.8406    0.3185    0.3185
  214.0000   -1.7174   -1.6466    0.1233    0.0792
  215.0000   -1.3174   -1.3174    0.0425    0.0425
  216.0000   -0.9238   -0.9238    0.3991    0.3991
  217.0000   -0.5819   -0.5819    0.8616    0.8616
  218.0000   -0.5247   -0.5247    1.1989    1.1989
  219.0000   -0.2521   -0.2521    1.3448    1.3448
  220.0000   -0.1124   -0.1124    1.2911    1.2911
  221.0000   -0.0179   -0.0179    1.0929    1.0929
  222.0000    0.2687    0.2687    0.7844    0.7844
  223.0000    0.6042    0.6042    0.3435    0.3435
  224.0000    0.7829    0.7829   -0.0724   -0.0724
  225.0000    1.0433    1.0433   -0.4537   -0.4537
  226.0000    1.0878    1.0878   -0.8205   -0.8205
  227.0000    0.9776    0.9776   -1.1035   -1.1035
  228.0000    0.7815    0.8283   -1.3824   -1.3427
  229.0000    0.7040    0.7040   -1.5920   -1.5920
  230.0000    0.7926    0.7926   -1.8217   -1.8217
  231.0000    1.4335    1.4335   -1.8083   -1.8083
  232.0000    1.8782    1.8782   -1.6105   -1.6105
  233.0000    2.1008    2.1008   -1.1614   -1.1614
  234.0000    2.2811    2.2811   -0.7237   -0.7237
  235.0000    2.1900    2.1900   -0.0624   -0.0624
  236.0000    1.9287    1.9287    0.3554    0.3554
  237.0000    1.7068    1.7068    0.5700    0.5700
  238.0000    1.3922    1.3922    0.5512    0.5512
  239.0000    1.3174    1.3174    0.4658    0.4658
  240.0000    1.3217    1.3217    0.4416    0.4416
  241.0000    1.1539    1.1539    0.6132    0.6132
  242.0000    0.9516    0.9516    0.7984    0.7984
  243.0000    0.6686    0.6686    1.2041    1.2041
  244.0000    0.5019    0.5019    1.3741    1.3741
  245.0000    0.4346    0.4346    1.2922    1.2922
  246.0000    0.3784    0.3784    1.0528    1.0528
  247.0000    0.2049    0.2049    0.8119    0.8119
  248.0000   -0.0437   -0.0437    0.7275    0.7275
  249.0000   -0.1957   -0.1957    0.5723    0.5723
  250.0000   -0.0255   -0.0255    0.6004    0.6004
  251.0000    0.2767    0.2767    0.6317    0.6317
  252.0000    0.5119    0.5119    0.8466    0.8466
  253.0000    0.5632    0.5632    0.9149    0.9149
  254.0000    0.4504    0.4504    1.0495    1.0495
  255.0000    0.1030    0.1030    1.1366    1.1366
  256.0000   -0.1299   -0.1299    1.0143    1.0143
  257.0000   -0.3021   -0.3021    0.5952    0.5952
  258.0000   -0.3813   -0.3813    0.1581    0.1581
  259.0000   -0.3141   -0.3141   -0.1867   -0.1867
  260.0000   -0.2919   -0.2919   -0.5227   -0.5227
  261.0000   -0.2422   -0.2422   -0.8264   -0.8264
  262.0000   -0.2653   -0.2394   -0.9920   -0.9321
  263.0000   -0.3133   -0.3133   -0.8514   -0.8514
  264.0000   -0.3695   -0.3695   -0.6462   -0.6462
  265.0000   -0.2023   -0.2023   -0.3860   -0.3860
  266.0000   -0.2746   -0.2746   -0.2341   -0.2341
  267.0000   -0.3174   -0.3174   -0.2768   -0.2768
  268.0000   -0.6306   -0.6306   -0.3722   -0.3722
  269.0000   -1.0542   -1.0542   -0.5471   -0.5471
  270.0000   -1.1844   -1.1844   -1.0127   -1.0127
  271.0000   -0.9234   -0.9234   -1.3604   -1.3604
  272.0000   -0.7199   -0.7199   -1.6351   -1.6351
  273.0000   -0.5788   -0.5788   -1.5101   -1.5101
  274.0000   -0.4668   -0.4668   -1.5421   -1.5421
  275.0000   -0.4615   -0.4289   -1.8718   -1.8408
  276.0000   -0.4829   -0.4829   -1.9858   -1.9858
  277.0000   -0.6378   -0.6378   -1.7322   -1.7322
  278.0000   -0.7892   -0.7892   -1.6307   -1.6307
  279.0000   -0.5526   -0.5526   -1.5014   -1.5014
  280.0000   -0.2460   -0.2460   -1.1924   -1.1924
  281.0000   -0.2358   -0.2358   -0.7490   -0.7490
  282.0000   -0.5108   -0.5108   -0.2978   -0.2978
  283.0000   -1.0595   -1.0595   -0.1314   -0.1314
  284.0000   -1.4644   -1.4644   -0.2294   -0.2294
  285.0000   -1.6990   -1.6990   -0.1082   -0.1082
  286.0000   -1.8532   -1.8532    0.2784    0.2784
  287.0000   -1.7393   -1.7393    0.6683    0.6683
  288.0000   -1.3647   -1.3647    1.1966    1.1966
  289.0000   -1.0453   -1.0453    1.3987    1.3987
  290.0000   -0.6566   -0.6566    1.3791    1.3791
  291.0000   -0.2885   -0.2733    1.2242    1.0597
  292.0000    0.1051    0.1128    0.7470    0.6045
  293.0000    0.5562    0.5562    0.2701    0.2701
  294.0000    1.0807    1.0807    0.2643    0.2643
  295.0000    1.5370    1.5370    0.5192    0.5192
  296.0000    1.6440    1.6440    0.6841    0.6841
  297.0000    1.4910    1.4910    0.7210    0.7210
  298.0000    1.2512    1.2512    0.8417    0.8417
  299.0000    0.8598    0.8598    1.0757    1.0757
  300.0000    0.6436    0.6436    1.3494    1.3494
  301.0000    0.4400    0.4400    1.7662    1.7662
  302.0000    0.4414    0.4414    1.7766    1.7766
  303.0000    0.3347    0.3347    1.5703    1.5703
  304.0000    0.3330    0.3330    1.4930    1.4930
  305.0000    0.4086    0.4086    1.4024    1.4024
  306.0000    0.3611    0.3611    1.0509    1.0509
  307.0000    0.4933    0.5010    0.8251    0.8391
  308.0000    0.7322    0.7322    0.7127    0.7127
  309.0000    0.8381    0.8381    0.5426    0.5426
  310.0000    0.7247    0.7247    0.4970    0.4970
  311.0000    0.3940    0.3940    0.5375    0.5375
  312.0000    0.0436    0.0436    0.4770    0.4770
  313.0000    0.1817    0.1817    0.1306    0.1306
  314.0000    0.3180    0.3180    0.0021    0.0021
  315.0000    0.3296    0.3296    0.0431    0.0431
  316.0000    0.2657    0.2657    0.1015    0.1015
  317.0000    0.2339    0.2339    0.0551    0.0551
  318.0000    0.3062    0.3062   -0.0187   -0.0187
  319.0000    0.0326    0.0326   -0.3104   -0.3104
  320.0000   -0.3072   -0.3072   -0.5426   -0.5426
  321.0000   -0.6036   -0.6036   -0.5950   -0.5950
  322.0000   -0.6501   -0.5385   -0.6158   -0.5668
  323.0000   -0.3602   -0.2167   -0.5414   -0.5524
  324.0000    0.1209    0.1209   -0.6353   -0.6353
  325.0000    0.2834    0.2834   -0.7900   -0.7900
  326.0000    0.3720    0.3720   -0.6838   -0.6838
  327.0000    0.6945    0.6945   -0.3649   -0.3649
  328.0000    0.8732    0.8732   -0.0142   -0.0142
  329.0000    0.6760    0.6760    0.0143    0.0143
  330.0000    0.2336    0.2336   -0.1035   -0.1035
  331.0000   -0.1431   -0.1431   -0.2817   -0.2817
  332.0000   -0.5810   -0.5810   -0.4504   -0.4504
  333.0000   -0.8093   -0.8093   -0.4295   -0.4295
  334.0000   -0.9290   -0.9290   -0.4607   -0.4607
  335.0000   -1.0066   -1.0066   -0.5688   -0.5688
  336.0000   -1.0677   -1.0677   -0.5544   -0.5544
  337.0000   -1.2410   -1.2410   -0.2223   -0.2223
  338.0000   -1.4368   -1.4368    0.0523    0.0523
  339.0000   -1.4698   -1.4698    0.2173    0.2173
  340.0000   -1.4666   -1.4666    0.3407    0.3407
  341.0000   -1.2993   -1.2993    0.2840    0.2840
  342.0000   -1.2245   -1.2245    0.3743    0.3743
  343.0000   -1.0753   -1.0753    0.5675    0.5675
  344.0000   -0.9353   -0.9353    0.7069    0.7069
  345.0000   -0.8534   -0.8534    0.5073    0.5073
  346.0000   -0.9649   -0.9649    0.3081    0.3081
  347.0000   -1.2113   -1.2113    0.2623    0.2623
  348.0000   -1.2159   -1.2159    0.1308    0.1308
  349.0000   -0.9899   -0.9899    0.0275    0.0275
  350.0000   -0.6804   -0.6804   -0.2688   -0.2688
  351.0000   -0.4932   -0.4932   -0.4255   -0.4255
  352.0000   -0.4306   -0.4306   -0.5635   -0.5635
  353.0000   -0.5963   -0.5963   -0.6444   -0.6444
  354.0000   -0.4362   -0.4362   -0.4319   -0.4319
  355.0000   -0.2352   -0.2352   -0.1506   -0.1506
  356.0000   -0.0666   -0.0666   -0.0929   -0.0929
  357.0000   -0.1212   -0.1212   -0.1081   -0.1081
  358.0000   -0.3145   -0.3145   -0.3451   -0.3451
  359.0000   -0.4418   -0.4418   -0.5494   -0.5494
  360.0000   -0.4466   -0.4466   -0.7492   -0.7492
  361.0000   -0.2689   -0.2689   -1.0474   -1.0474
  362.0000   -0.0808   -0.0808   -1.3135   -1.3135
  363.0000   -0.2273   -0.1160   -1.3829   -1.4000
  364.0000   -0.1773   -0.1773   -1.3897   -1.3897
  365.0000   -0.0525   -0.0525   -1.3279   -1.3279
  366.0000    0.1246    0.1246   -1.0115   -1.0115
  367.0000    0.3100    0.3100   -0.6199   -0.6199
  368.0000    0.4637    0.4637   -0.2254   -0.2254
  369.0000    0.6096    0.6096   -0.0405   -0.0405
  370.0000    0.5458    0.5458   -0.3276   -0.3276
  371.0000    0.4993    0.4993   -0.7173   -0.7173
  372.0000    0.4112    0.4112   -1.1652   -1.1652
  373.0000    0.2598    0.2598   -1.5330   -1.5330
  374.0000    0.2562    0.2562   -1.7204   -1.7204
  375.0000    0.3413    0.3413   -1.7106   -1.7106
  376.0000    0.4934    0.4934   -1.6771   -1.6771
  377.0000    0.8275    0.8275   -1.5553   -1.5553
  378.0000    1.0526    1.0526   -1.2678   -1.2678
  379.0000    1.2539    1.2539   -1.1404   -1.1404
  380.0000    1.4259    1.4259   -0.9921   -0.9921
  381.0000    1.4633    1.4633   -0.7791   -0.7791
  382.0000    1.6589    1.6589   -0.5082   -0.5082
  383.0000    1.5673    1.5673   -0.3529   -0.3529
  384.0000    1.4642    1.4642   -0.2429   -0.2429
  385.0000    1.3356    1.3356   -0.0799   -0.0799
  386.0000    1.2330    1.2330   -0.1332   -0.1332
  387.0000    1.1146    1.1146   -0.1119   -0.1119
  388.0000    1.0751    1.0751    0.1620    0.1620
  389.0000    1.0837    1.1069    0.6233    0.4652
  390.0000    1.2064    1.1672    0.8647    0.6912
  391.0000    1.2146    1.2146    0.7881    0.7881
  392.0000    1.2404    1.2404    0.6577    0.6577
  393.0000    1.3137    1.3137    0.2333    0.2333
  394.0000    1.2602    1.2602    0.0252    0.0252
  395.0000    0.8341    0.8341   -0.1004   -0.1004
  396.0000    0.4194    0.4194   -0.1136   -0.1136
  397.0000   -0.0985   -0.0985   -0.1653   -0.1653
  398.0000   -0.4691   -0.4691   -0.5518   -0.5518
  399.0000   -0.7388   -0.7388   -0.8237   -0.8237
  400.0000   -0.6010   -0.6010   -0.6209   -0.6209
  401.0000   -0.2097   -0.2097   -0.4593   -0.4593
  402.0000    0.0352    0.0352   -0.4251   -0.4251
  403.0000    0.0247    0.0247   -0.6094   -0.6094
  404.0000    0.0026    0.0026   -1.1084   -1.1084
  405.0000    0.0516    0.0516   -1.6203   -1.6203
  406.0000    0.0272    0.0272   -1.9186   -1.9186
  407.0000   -0.1966   -0.1966   -2.0559   -2.0559
  408.0000   -0.3976   -0.3976   -1.8005   -1.8005
  409.0000   -0.6301   -0.6301   -1.4539   -1.4539
  410.0000   -0.9535   -0.9535   -1.1896   -1.1896
  411.0000   -1.3986   -1.3986   -1.0581   -1.0581
  412.0000   -1.8466   -1.8466   -1.1406   -1.1406
  413.0000   -1.8477   -1.8477   -1.4173   -1.4173
  414.0000   -1.4997   -1.4997   -1.7747   -1.7747
  415.0000   -1.1360   -1.1360   -1.7880   -1.7880
  416.0000   -1.0691   -0.9988   -1.5586   -1.5532
  417.0000   -1.0947   -1.0947   -1.0123   -1.0123
  418.0000   -1.3412   -1.3412   -0.1958   -0.1958
  419.0000   -1.5980   -1.5980    0.4268    0.4268
  420.0000   -1.8566   -1.8566    1.0530    1.0530
  421.0000   -1.7521   -1.7764    1.4745    1.5219
  422.0000   -1.3709   -1.4489    1.7912    1.8025
  423.0000   -1.1080   -1.1080    1.9392    1.9392
  424.0000   -0.9316   -0.9316    1.9290    1.9290
  425.0000   -0.8798   -0.8721    1.8533    1.6559
  426.0000   -0.8244   -0.8165    1.4447    1.2558
  427.0000   -0.6495   -0.6495    0.9393    0.9393
  428.0000   -0.3727   -0.3727    0.9005    0.9005
  429.0000   -0.3180   -0.3180    1.0797    1.0797
  430.0000   -0.4037   -0.4037    1.0077    1.0077
  431.0000   -0.4319   -0.4319    1.2166    1.2166
  432.0000   -0.1820   -0.1820    1.6033    1.6033
  433.0000    0.0899    0.0899    1.7929    1.7929
  434.0000    0.2343    0.2343    1.6446    1.6446
  435.0000    0.4365    0.4365    1.3192    1.3192
  436.0000    0.7788    0.7788    0.9317    0.9317
  437.0000    1.0236    1.0236    0.6639    0.6639
  438.0000    0.9949    0.9949    0.4883    0.4883
  439.0000    0.8446    0.8446    0.4638    0.4638
  440.0000    0.5963    0.5963    0.6729    0.6729
  441.0000    0.5752    0.5752    0.9418    0.9418
  442.0000    0.5278    0.5278    0.7503    0.7503
  443.0000    0.4823    0.4823    0.5254    0.5254
  444.0000    0.2972    0.2972    0.3295    0.3295
  445.0000    0.1632    0.1632    0.1134    0.1134
  446.0000    0.2966    0.1584    0.0536    0.1057
  447.0000    0.3943    0.2457    0.2486    0.2990
  448.0000    0.3732    0.3732    0.6041    0.6041
  449.0000    0.4548    0.4548    0.9419    0.9419
  450.0000    0.3695    0.3695    1.3146    1.3146
  451.0000    0.3337    0.3337    1.7889    1.7889
  452.0000    0.4961    0.4961    2.2437    2.2437
  453.0000    0.7468    0.7468    2.9671    2.9671
  454.0000    0.9920    0.9920    3.5479    3.5479
  455.0000    1.1556    1.1556    3.5833    3.5833
  456.0000    0.9219    0.9219    3.2482    3.2482
  457.0000    0.7198    0.7198    2.8944    2.8944
  458.0000    0.6668    0.6668    2.3787    2.3787
  459.0000    0.7510    0.7510    1.9444    1.9444
  460.0000    0.8615    0.8464    1.6041    1.6375
  461.0000    0.9758    0.9758    1.3750    1.3750
  462.0000    1.1734    1.1734    1.1340    1.1340
  463.0000    1.3990    1.3990    1.0641    1.0641
  464.0000    1.6692    1.6692    0.9641    0.9641
  465.0000    1.5160    1.5160    0.6548    0.6548
  466.0000    1.0992    1.0992    0.2288    0.2288
  467.0000    0.5986    0.5986   -0.1664   -0.1664
  468.0000    0.3681    0.3681   -0.5576   -0.5576
  469.0000    0.5091    0.5091   -0.8350   -0.8350
  470.0000    0.4554    0.4554   -0.9005   -0.9005
  471.0000    0.3442    0.3442   -0.7800   -0.7800
  472.0000    0.0695    0.0695   -0.6364   -0.6364
  473.0000   -0.3172   -0.3172   -0.5028   -0.5028
  474.0000   -0.5181   -0.5181   -0.5854   -0.5854
  475.0000   -0.7693   -0.7693   -0.6815   -0.6815
  476.0000   -0.7947   -0.7947   -0.8169   -0.8169
  477.0000   -0.8149   -0.8149   -0.8899   -0.8899
  478.0000   -0.9091   -0.9091   -1.0542   -1.0542
  479.0000   -0.7300   -0.7300   -1.0477   -1.0477
  480.0000   -0.5257   -0.5257   -1.2582   -1.2582
  481.0000   -0.7196   -0.7196   -1.3940   -1.3940
  482.0000   -1.1891   -1.1891   -1.4919   -1.4919
  483.0000   -1.4537   -1.4537   -1.5042   -1.5042
  484.0000   -1.6675   -1.6675   -1.6893   -1.6893
  485.0000   -2.0671   -2.0671   -1.8770   -1.8770
  486.0000   -2.6418   -2.6418   -1.9064   -1.9064
  487.0000   -2.8175   -2.8175   -1.9090   -1.9090
  488.0000   -2.3825   -2.3825   -1.9657   -1.9657
  489.0000   -1.7626   -1.7626   -2.1058   -2.1058
  490.0000   -1.3505   -1.3505   -2.2138   -2.2138
  491.0000   -1.0621   -1.0621   -2.3135   -2.3135
  492.0000   -0.6875   -0.6875   -2.2860   -2.2860
  493.0000   -0.2787   -0.2787   -2.2193   -2.2193
  494.0000    0.0642    0.0642   -2.0562   -2.0562
  495.0000    0.2182    0.2182   -1.6499   -1.6499
  496.0000    0.3555    0.3555   -1.3680   -1.3680
  497.0000    0.2658    0.2658   -1.3092   -1.3092
  498.0000    0.1292    0.1292   -1.2886   -1.2886
  499.0000    0.0491    0.0491   -1.1556   -1.1556
  500.0000   -0.0898   -0.0898   -1.1485   -1.1485
  501.0000   -0.1361   -0.1361   -1.1806   -1.1806
  502.0000   -0.2713   -0.2713   -0.9508   -0.9508
  503.0000   -0.2424   -0.2424   -0.6990   -0.6990
  504.0000   -0.0445   -0.0445   -0.3993   -0.3993
  505.0000    0.0879    0.0879    0.0892    0.0892
  506.0000    0.1298    0.1298    0.5892    0.5892
  507.0000    0.2651    0.2651    0.9079    0.9079
  508.0000    0.1613    0.1613    0.8405    0.8405
  509.0000    0.0103    0.0103    0.7621    0.7621
  510.0000   -0.1611   -0.1611    0.6901    0.6901
  511.0000   -0.2095   -0.2095    0.5696    0.5696
  512.0000   -0.0061   -0.1329    0.5673    0.6340
  513.0000    0.0634   -0.0296    0.7631    0.7751
  514.0000   -0.0105   -0.0105    0.7741    0.7741
  515.0000   -0.1225   -0.1225    0.5234    0.5234
  516.0000   -0.2642   -0.2642    0.3620    0.3620
  517.0000   -0.5329   -0.5329    0.5073    0.5073
  518.0000   -0.5953   -0.5953    0.4964    0.4964
  519.0000   -0.4546   -0.4546    0.5525    0.5525
  520.0000   -0.1159   -0.1159    0.4622    0.4622
  521.0000    0.3086    0.3086    0.1776    0.1776
  522.0000    0.7062    0.7062   -0.0220   -0.0220
  523.0000    1.0290    1.0290   -0.0630   -0.0630
  524.0000    1.4372    1.4372   -0.1339   -0.1339
  525.0000    1.6675    1.6675    0.2502    0.2502
  526.0000    1.7809    1.7809    0.7642    0.7642
  527.0000    1.8162    1.8162    1.2648    1.2648
  528.0000    1.8502    1.9396    1.5013    1.4597
  529.0000    2.0681    2.0681    1.2990    1.2990
  530.0000    2.0646    2.0646    0.9666    0.9666
  531.0000    1.8993    1.8993    1.0139    1.0139
  532.0000    1.6675    1.6675    1.2872    1.2872
  533.0000    1.5798    1.5798    1.6265    1.6265
  534.0000    1.3290    1.3290    1.8481    1.8481
  535.0000    1.1210    1.1210    1.8832    1.8832
  536.0000    1.0460    1.0887    1.7089    1.6620
  537.0000    1.0515    1.0515    1.3038    1.3038
  538.0000    0.8097    0.8097    1.0084    1.0084
  539.0000    0.4282    0.4282    1.0285    1.0285
  540.0000    0.1928    0.1928    1.3518    1.3518
  541.0000    0.0520    0.0520    1.6944    1.6944
  542.0000    0.1549    0.1549    1.9224    1.9224
  543.0000    0.3381    0.3381    2.1000    2.1000
  544.0000    0.4457    0.4457    2.1603    2.1603
  545.0000    0.3701    0.3701    2.3108    2.3108
  546.0000    0.0572    0.0572    2.3334    2.3334
  547.0000   -0.3238   -0.2701    2.1214    2.1755
  548.0000   -0.4638   -0.4638    1.9960    1.9960
  549.0000   -0.4324   -0.4324    1.9803    1.9803
  550.0000   -0.1622   -0.1622    2.1230    2.1230
  551.0000    0.1884    0.1884    1.9852    1.9852
  552.0000    0.1540    0.1540    1.6849    1.6849
  553.0000   -0.0042   -0.0042    1.1934    1.1934
  554.0000    0.0488    0.0488    0.4915    0.4915
  555.0000   -0.0580   -0.0590   -0.1130   -0.0686
  556.0000   -0.2261   -0.2261   -0.5852   -0.5852
  557.0000   -0.2769   -0.2769   -1.1801   -1.1801
  558.0000   -0.3765   -0.3765   -1.5054   -1.5054
  559.0000   -0.5325   -0.5325   -1.3429   -1.3429
  560.0000   -0.6932   -0.6932   -1.0660   -1.0660
  561.0000   -0.9159   -0.9159   -0.7275   -0.7275
  562.0000   -0.9645   -0.9645   -0.4201   -0.4201
  563.0000   -0.7412   -0.7412   -0.2867   -0.2867
  564.0000   -0.5221   -0.5221   -0.2769   -0.2769
  565.0000   -0.3466   -0.3466   -0.5858   -0.5858
  566.0000   -0.3915   -0.3915   -0.9601   -0.9601
  567.0000   -0.3327   -0.3327   -1.2348   -1.2348
  568.0000   -0.2147   -0.2147   -1.4521   -1.4521
  569.0000    0.0228    0.0228   -1.4116   -1.4116
  570.0000    0.2992    0.2992   -1.2149   -1.2149
  571.0000    0.5721    0.5721   -1.1174   -1.1174
  572.0000    0.8217    0.8217   -1.1961   -1.1961
  573.0000    1.0721    1.0721   -1.3059   -1.3059
  574.0000    1.3228    1.3228   -1.1243   -1.1243
  575.0000    1.3918    1.3918   -0.8670   -0.8670
  576.0000    1.3103    1.3103   -0.5446   -0.5446
  577.0000    1.1147    1.1147   -0.3016   -0.3016
  578.0000    1.0815    1.0815   -0.0961   -0.0961
  579.0000    1.1468    1.1103    0.1545    0.1652
  580.0000    1.0171    1.0171    0.3475    0.3475
  581.0000    0.7363    0.7363    0.3061    0.3061
  582.0000    0.4594    0.4594    0.0848    0.0848
  583.0000   -0.0521   -0.0521   -0.2389   -0.2389
  584.0000   -0.5395   -0.5395   -0.4969   -0.4969
  585.0000   -0.7829   -0.7829   -0.5643   -0.5643
  586.0000   -1.0364   -1.0364   -0.4452   -0.4452
  587.0000   -1.2470   -1.2470   -0.4565   -0.4565
  588.0000   -1.2441   -1.2441   -0.6204   -0.6204
  589.0000   -1.2130   -1.2498   -0.5703   -0.6657
  590.0000   -1.2150   -1.2470   -0.5690   -0.6112
  591.0000   -1.1259   -1.1259   -0.5675   -0.5675
  592.0000   -0.8099   -0.8099   -0.7349   -0.7349
  593.0000   -0.3670   -0.3670   -1.4279   -1.4279
  594.0000    0.1560    0.1560   -2.1864   -2.1864
  595.0000    0.8749    0.8749   -2.7417   -2.7417
  596.0000    1.3262    1.3262   -2.8880   -2.8880
  597.0000    1.5933    1.5933   -2.7239   -2.7239
  598.0000    1.4224    1.4224   -2.4533   -2.4533
  599.0000    0.9105    0.9105   -2.0321   -2.0321
  600.0000    0.5172    0.5172   -1.6286   -1.6286
  601.0000    0.3123    0.3123   -1.3984   -1.3984
  602.0000    0.1593    0.1593   -1.2545   -1.2545
  603.0000   -0.0338   -0.0338   -1.1278   -1.1278
  604.0000   -0.1322   -0.1322   -1.0819   -1.0819
  605.0000   -0.3097   -0.3097   -0.9863   -0.9863
  606.0000   -0.2695   -0.2695   -0.7700   -0.7700
  607.0000   -0.0754   -0.0754   -0.4092   -0.4092
  608.0000    0.0528    0.0528   -0.1445   -0.1445
  609.0000    0.0669    0.0669   -0.1008   -0.1008
  610.0000   -0.1123   -0.1123   -0.0532   -0.0532
  611.0000   -0.4718   -0.4718   -0.0095   -0.0095
  612.0000   -0.6351   -0.6351    0.0375    0.0375
  613.0000   -0.6219   -0.6219    0.3111    0.3111
  614.0000   -0.7471   -0.7471    0.3971    0.3971
  615.0000   -0.8164   -0.8164    0.4098    0.4098
  616.0000   -0.8730   -0.8730    0.1627    0.1627
  617.0000   -0.8059   -0.8059    0.0953    0.0953
  618.0000   -0.5486   -0.5486    0.1030    0.1030
  619.0000   -0.4870   -0.4870    0.5248    0.5248
  620.0000   -0.3464   -0.3464    1.2284    1.2284
  621.0000   -0.0391   -0.0391    1.8778    1.8778
  622.0000    0.3258    0.3258    2.0180    2.0180
  623.0000    0.8017    0.8017    1.7701    1.7701
  624.0000    1.2007    1.2007    1.5841    1.5841
  625.0000    1.4842    1.4842    1.2535    1.2535
  626.0000    1.5798    1.5798    1.0396    1.0396
  627.0000    1.6980    1.6980    0.9819    0.9819
  628.0000    1.8289    1.8289    0.8603    0.8603
  629.0000    1.8968    1.8968    0.7938    0.7938
  630.0000    1.7016    1.7016    0.7212    0.7212
  631.0000    1.3239    1.3239    0.5773    0.5773
  632.0000    0.8887    0.7958    0.0419    0.2056
  633.0000    0.2429    0.1976   -0.3619   -0.2519
  634.0000   -0.3684   -0.3684   -0.5655   -0.5655
  635.0000   -0.8031   -0.8031   -0.5818   -0.5818
  636.0000   -1.0974   -1.0974   -0.3392   -0.3392
  637.0000   -1.4102   -1.4102    0.3297    0.3297
  638.0000   -1.4947   -1.4947    1.0118    1.0118
  639.0000   -1.3526   -1.3526    1.2831    1.2831
  640.0000   -1.3585   -1.3585    1.2432    1.2432
  641.0000   -1.6190   -1.6190    0.8687    0.8687
  642.0000   -2.1447   -2.1447    0.3039    0.3039
  643.0000   -2.6066   -2.6066   -0.1543   -0.1543
  644.0000   -2.7535   -2.7535   -0.5076   -0.5076
  645.0000   -2.7073   -2.7073   -0.4575   -0.4575
  646.0000   -2.4352   -2.4352   -0.0873   -0.0873
  647.0000   -2.0840   -2.0840   -0.0382   -0.0382
  648.0000   -1.6600   -1.6600   -0.1423   -0.1423
  649.0000   -1.3120   -1.3120   -0.4401   -0.4401
  650.0000   -1.3143   -1.3143   -0.3375   -0.3375
  651.0000   -1.6689   -1.6689   -0.3699   -0.3699
  652.0000   -1.8817   -1.8817   -0.3670   -0.3670
  653.0000   -1.8097   -1.8097   -0.5506   -0.5506
  654.0000   -1.4343   -1.4343   -0.6530   -0.6530
  655.0000   -0.8695   -0.8695   -0.5872   -0.5872
  656.0000   -0.3185   -0.3185   -0.4214   -0.4214
  657.0000   -0.0627   -0.0627   -0.2886   -0.2886
  658.0000   -0.0494   -0.0494   -0.2884   -0.2884
  659.0000   -0.3015   -0.3015   -0.4445   -0.4445
  660.0000   -0.3723   -0.3723   -0.4610   -0.4610
  661.0000   -0.1763   -0.1763   -0.2501   -0.2501
  662.0000    0.3960    0.3960   -0.1228   -0.1228
  663.0000    0.6500    0.6500    0.0356    0.0356
  664.0000    0.8552    0.8552   -0.2440   -0.2440
  665.0000    0.9245    0.9245   -0.7606   -0.7606
  666.0000    0.9625    0.9625   -0.8939   -0.8939
  667.0000    0.6879    0.6879   -1.0835   -1.0835
  668.0000    0.2983    0.2983   -1.2831   -1.2831
  669.0000   -0.0588   -0.0588   -1.3345   -1.3345
  670.0000   -0.4153   -0.4153   -1.1329   -1.1329
  671.0000   -0.7767   -0.7767   -0.8943   -0.8943
  672.0000   -1.0502   -1.0502   -0.7232   -0.7232
  673.0000   -1.2914   -1.2914   -0.5812   -0.5812
  674.0000   -1.4972   -1.4972   -0.2548   -0.2548
  675.0000   -1.5055   -1.5055    0.1512    0.1512
  676.0000   -1.3371   -1.2503    0.4518    0.4266
  677.0000   -0.8098   -0.8098    0.6289    0.6289
  678.0000   -0.2724   -0.2724    0.8496    0.8496
  679.0000    0.3618    0.3618    1.0128    1.0128
  680.0000    1.0723    1.0723    0.9616    0.9616
  681.0000    1.6239    1.6239    0.5942    0.5942
  682.0000    2.0344    2.0344    0.0253    0.0253
  683.0000    2.0575    2.0575   -0.4368   -0.4368
  684.0000    1.9445    1.9445   -0.9589   -0.9589
  685.0000    1.8082    1.8082   -1.1677   -1.1677
  686.0000    1.5780    1.5820   -1.0800   -0.9521
  687.0000    1.1884    1.1884   -0.6506   -0.6506
  688.0000    0.6260    0.6260   -0.5121   -0.5121
  689.0000    0.0840    0.0840   -0.2923   -0.2923
  690.0000   -0.4525   -0.4525   -0.2297   -0.2297
  691.0000   -0.6345   -0.6345   -0.0821   -0.0821
  692.0000   -0.2564   -0.2564    0.0744    0.0744
  693.0000    0.0067    0.0067    0.2723    0.2723
  694.0000   -0.0834   -0.0834    0.2457    0.2457
  695.0000   -0.1375   -0.1375    0.1017    0.1017
  696.0000   -0.2684   -0.2684   -0.0440   -0.0440
  697.0000   -0.3594   -0.3594   -0.0710   -0.0710
  698.0000    0.0773    0.0773   -0.1361   -0.1361
  699.0000    0.6345    0.6345   -0.0546   -0.0546
  700.0000    1.0601    1.0601    0.0909    0.0909
  701.0000    0.8526    0.8526    0.1620    0.1620
  702.0000    0.4460    0.4460    0.1451    0.1451
  703.0000    0.3434    0.3434    0.0741    0.0741
  704.0000    0.5210    0.5210    0.1637    0.1637
  705.0000    0.6029    0.5492    0.1361    0.1602
  706.0000    0.3447    0.3447    0.0069    0.0069
  707.0000    0.0018   -0.0200   -0.1287   -0.2280
  708.0000   -0.3000   -0.3000   -0.3352   -0.3352
  709.0000   -0.2915   -0.2915   -0.1840   -0.1840
  710.0000   -0.1419   -0.1419    0.0702    0.0702
  711.0000   -0.1104   -0.1104    0.6586    0.6586
  712.0000   -0.2923   -0.2923    1.2867    1.2867
  713.0000   -0.5089   -0.5089    1.6831    1.6831
  714.0000   -0.6351   -0.6351    1.9655    1.9655
  715.0000   -0.7025   -0.7025    2.1637    2.1637
  716.0000   -0.6246   -0.6246    2.2515    2.2515
  717.0000   -0.5228   -0.5228    2.2779    2.2779
  718.0000   -0.4092   -0.4092    1.8587    1.8587
  719.0000   -0.4073   -0.4073    1.2064    1.2064
  720.0000   -0.5444   -0.5444    0.6867    0.6867
  721.0000   -0.6969   -0.6969    0.4403    0.4403
  722.0000   -0.8585   -0.8585    0.3760    0.3760
  723.0000   -0.9589   -0.9589    0.2217    0.2217
  724.0000   -0.9313   -0.9313   -0.0220   -0.0220
  725.0000   -0.7079   -0.7079   -0.1480   -0.1480
  726.0000   -0.2725   -0.2725   -0.0258   -0.0258
  727.0000    0.4443    0.4443    0.4227    0.4227
  728.0000    0.9222    0.9222    0.9815    0.9815
  729.0000    1.0315    1.0315    1.3541    1.3541
  730.0000    0.9929    0.9929    1.3855    1.3855
  731.0000    0.7198    0.7198    1.0827    1.0827
  732.0000    0.3863    0.3863    0.8198    0.8198
  733.0000   -0.0512   -0.0512    0.8443    0.8443
  734.0000   -0.3662   -0.3662    0.9424    0.9424
  735.0000   -0.2676   -0.2676    1.0895    1.0895
  736.0000   -0.0208   -0.0208    0.9718    0.9718
  737.0000    0.1834    0.1834    0.4427    0.4427
  738.0000    0.4582    0.4582    0.1124    0.1124
  739.0000    0.4514    0.4514    0.2537    0.2537
  740.0000    0.5388    0.5388    0.3445    0.3445
  741.0000    0.4301    0.4301    0.1526    0.1526
  742.0000    0.2809    0.2809   -0.0163   -0.0163
  743.0000    0.0603    0.0603   -0.1449   -0.1449
  744.0000   -0.1862   -0.1862   -0.2192   -0.2192
  745.0000   -0.3965   -0.3965   -0.0262   -0.0262
  746.0000   -0.4912   -0.4912    0.2517    0.2517
  747.0000   -0.4032   -0.4032    0.2123    0.2123
  748.0000   -0.3654   -0.2722    0.1152    0.1716
  749.0000   -0.1831   -0.1489    0.2284    0.2429
  750.0000   -0.0454   -0.0454    0.4318    0.4318
  751.0000    0.0014    0.0014    0.6294    0.6294
  752.0000   -0.0912   -0.0912    0.3897    0.3897
  753.0000   -0.2390   -0.2390   -0.2701   -0.2701
  754.0000   -0.3984   -0.3984   -0.8619   -0.8619
  755.0000   -0.5607   -0.5607   -1.0697   -1.0697
  756.0000   -0.4732   -0.4732   -1.1754   -1.1754
  757.0000   -0.4736   -0.4768   -1.1610   -1.1813
  758.0000   -0.7284   -0.7284   -1.1407   -1.1407
  759.0000   -1.1885   -1.1885   -1.1201   -1.1201
  760.0000   -1.4705   -1.4705   -1.0902   -1.0902
  761.0000   -1.3837   -1.3837   -1.1099   -1.1099
  762.0000   -1.2002   -1.2002   -1.1854   -1.1854
  763.0000   -1.3265   -1.3265   -1.1403   -1.1403
  764.0000   -1.5855   -1.5855   -1.1923   -1.1923
  765.0000   -1.8176   -1.8176   -1.0490   -1.0490
  766.0000   -2.2068   -2.2068   -0.8910   -0.8910
  767.0000   -2.4762   -2.4762   -0.7948   -0.7948
  768.0000   -2.4544   -2.4544   -0.8586   -0.8586
  769.0000   -2.0472   -2.0472   -0.9688   -0.9688
  770.0000   -1.5127   -1.5127   -1.0829   -1.0829
  771.0000   -1.0851   -1.0851   -1.1538   -1.1538
  772.0000   -0.9000   -0.9000   -1.0057   -1.0057
  773.0000   -0.7753   -0.7753   -0.9352   -0.9352
  774.0000   -0.7633   -0.7633   -1.1169   -1.1169
  775.0000   -0.9407   -0.9407   -1.2935   -1.2935
  776.0000   -1.1164   -1.1164   -1.1368   -1.1368
  777.0000   -0.9894   -0.9894   -0.9961   -0.9961
  778.0000   -0.4289   -0.4289   -0.7947   -0.7947
  779.0000    0.2179    0.2179   -0.5826   -0.5826
  780.0000    0.3190    0.3190   -0.2716   -0.2716
  781.0000    0.0268    0.0268   -0.0447   -0.0447
  782.0000   -0.2787   -0.2787    0.1033    0.1033
  783.0000   -0.4036   -0.4036    0.0616    0.0616
  784.0000   -0.1696   -0.1696   -0.1868   -0.1868
  785.0000    0.0248    0.0248   -0.5229   -0.5229
  786.0000    0.3133    0.3133   -0.9343   -0.9343
  787.0000    0.8332    0.8868   -1.0548   -1.0602
  788.0000    1.6662    1.6662   -0.8286   -0.8286
  789.0000    2.4121    2.4121   -0.3143   -0.3143
  790.0000    2.7390    2.7390    0.2927    0.2927
  791.0000    2.9605    2.9605    0.9241    0.9241
  792.0000    2.9771    2.9771    1.4178    1.4178
  793.0000    2.7409    2.7409    1.7543    1.7543
  794.0000    2.4876    2.4876    2.0471    2.0471
  795.0000    1.9567    1.9567    1.9162    1.9162
  796.0000    1.6378    1.6378    1.4207    1.4207
  797.0000    1.7598    1.7598    0.8873    0.8873
  798.0000    1.7853    1.7853    0.4812    0.4812
  799.0000    1.7216    1.7216    0.2354    0.2354
  800.0000    1.5240    1.5240    0.6101    0.6101
  801.0000    1.2887    1.2887    1.0126    1.0126
  802.0000    0.8816    0.8816    1.1366    1.1366
  803.0000    0.6257    0.6257    0.6619    0.6619
  804.0000    0.4900    0.4900    0.0014    0.0014
  805.0000    0.3916    0.3916   -0.1641   -0.1641
  806.0000    0.5356    0.5356    0.2174    0.2174
  807.0000    0.8687    0.8687    0.4095    0.4095
  808.0000    1.0243    1.0243    0.2974    0.2974
  809.0000    0.8856    0.8856   -0.1233   -0.1233
  810.0000    0.6506    0.6506   -0.5260   -0.5260
  811.0000    0.5325    0.5325   -0.3727   -0.3727
  812.0000    0.4244    0.4244    0.0770    0.0770
  813.0000    0.5221    0.4723    0.2952    0.2543
  814.0000    0.7093    0.7093    0.1857    0.1857
  815.0000    1.0088    1.0088    0.0456    0.0456
  816.0000    1.0175    1.0175   -0.0312   -0.0312
  817.0000    1.0132    1.0132    0.0597    0.0597
  818.0000    1.2018    1.2018    0.0856    0.0856
  819.0000    1.4253    1.4253    0.1934    0.1934
  820.0000    1.5686    1.5686    0.2205    0.2205
  821.0000    1.7149    1.7149    0.0336    0.0336
  822.0000    1.7942    1.7942    0.0067    0.0067
  823.0000    1.4631    1.4631    0.1431    0.1431
  824.0000    0.9906    0.9906    0.2478    0.2478
  825.0000    0.4003    0.4003    0.5081    0.5081
  826.0000   -0.4286   -0.4286    0.5182    0.5182
  827.0000   -1.0717   -1.0717    0.3379    0.3379
  828.0000   -1.3751   -1.3751    0.1194    0.1194
  829.0000   -1.5187   -1.5187   -0.3169   -0.3169
  830.0000   -1.7724   -1.7724   -0.5559   -0.5559
  831.0000   -1.6107   -1.6107   -0.5129   -0.5129
  832.0000   -1.2235   -1.2235   -0.2696   -0.2696
  833.0000   -0.8188   -0.8188    0.1756    0.1756
  834.0000   -0.5830   -0.5830    0.5241    0.5241
  835.0000   -0.5632   -0.5632    0.6623    0.6623
  836.0000   -0.5065   -0.5065    0.8994    0.8994
  837.0000   -0.4871   -0.4605    0.8740    0.8245
  838.0000   -0.2775   -0.2775    0.6351    0.6351
  839.0000    0.1741    0.1741    0.6559    0.6559
  840.0000    0.6240    0.6240    0.8561    0.8561
  841.0000    0.8166    0.7628    1.1900    1.1639
  842.0000    0.8349    0.8349    1.3741    1.3741
  843.0000    1.0812    1.0812    1.2963    1.2963
  844.0000    1.2540    1.2540    1.0208    1.0208
  845.0000    1.2983    1.2983    0.8675    0.8675
  846.0000    1.1152    1.1152    0.8530    0.8530
  847.0000    0.8239    0.8239    0.8062    0.8062
  848.0000    0.4514    0.4514    0.5549    0.5549
  849.0000   -0.2262   -0.2262    0.1837    0.1837
  850.0000   -0.8760   -0.8760   -0.2289   -0.2289
  851.0000   -1.2533   -1.2533   -0.1981   -0.1981
  852.0000   -1.2691   -1.2691    0.1149    0.1149
  853.0000   -0.9732   -0.9732    0.5202    0.5202
  854.0000   -0.6273   -0.6273    1.1603    1.1603
  855.0000   -0.2754   -0.2754    1.8106    1.8106
  856.0000   -0.0829   -0.0829    2.2067    2.2067
  857.0000   -0.0729   -0.0729    2.3374    2.3374
  858.0000   -0.0140   -0.0140    1.9326    1.9326
  859.0000   -0.0057   -0.0057    1.1890    1.1890
  860.0000    0.1109    0.1109    0.3252    0.3252
  861.0000    0.4090    0.4090   -0.2108   -0.2108
  862.0000    0.7551    0.7551   -0.3792   -0.3792
  863.0000    0.9240    0.9240   -0.5289   -0.5289
  864.0000    0.9066    0.9066   -0.7328   -0.7328
  865.0000    0.8108    0.8108   -0.8718   -0.8718
  866.0000    0.6542    0.6542   -1.0650   -1.0650
  867.0000    0.4060    0.4060   -1.3723   -1.3723
  868.0000    0.1492    0.2611   -1.6002   -1.5369
  869.0000    0.3097    0.2773   -1.4870   -1.5297
  870.0000    0.4587    0.4587   -1.4025   -1.4025
  871.0000    0.8084    0.8084   -1.2453   -1.2453
  872.0000    1.2651    1.2651   -1.1642   -1.1642
  873.0000    1.5381    1.5381   -0.9573   -0.9573
  874.0000    1.4306    1.4306   -0.9080   -0.9080
  875.0000    1.2100    1.2100   -0.8286   -0.8286
  876.0000    1.0577    1.0577   -0.6246   -0.6246
  877.0000    0.8730    0.8730   -0.6494   -0.6494
  878.0000    0.5324    0.5324   -0.7658   -0.7658
  879.0000    0.2320    0.2320   -0.7091   -0.7091
  880.0000   -0.0805   -0.0805   -0.6207   -0.6207
  881.0000   -0.4996   -0.4996   -0.8397   -0.8397
  882.0000   -0.9474   -0.9474   -1.4067   -1.4067
  883.0000   -1.2771   -1.2771   -2.2222   -2.2222
  884.0000   -1.1985   -1.1985   -2.6777   -2.6777
  885.0000   -0.7659   -0.7659   -2.7155   -2.7155
  886.0000   -0.4843   -0.4843   -2.5662   -2.5662
  887.0000   -0.2859   -0.2859   -2.4035   -2.4035
  888.0000   -0.1361   -0.1361   -2.1168   -2.1168
  889.0000   -0.0151   -0.0151   -1.6734   -1.6734
  890.0000    0.3021    0.3021   -1.3488   -1.3488
  891.0000    0.5781    0.5781   -1.3297   -1.3297
  892.0000    0.6211    0.6211   -1.1153   -1.1153
  893.0000    0.3412    0.3412   -0.7234   -0.7234
  894.0000    0.0856    0.0856   -0.3341   -0.3341
  895.0000    0.0957    0.0957   -0.2603   -0.2603
  896.0000    0.1454    0.1454   -0.3249   -0.3249
  897.0000   -0.0965   -0.0965   -0.4609   -0.4609
  898.0000   -0.5140   -0.5140   -0.6091   -0.6091
  899.0000   -0.5254   -0.5254   -0.3733   -0.3733
  900.0000   -0.2581   -0.2581   -0.0520   -0.0520
  901.0000    0.0154    0.0154    0.2082    0.2082
  902.0000   -0.0220   -0.0220    0.1659    0.1659
  903.0000   -0.2328   -0.2328    0.0701    0.0701
  904.0000   -0.5068   -0.5068   -0.1840   -0.1840
  905.0000   -0.5552   -0.5552   -0.3181   -0.3181
  906.0000   -0.4595   -0.4595   -0.4620   -0.4620
  907.0000   -0.6327   -0.6327   -0.7827   -0.7827
  908.0000   -1.0466   -1.0466   -0.6624   -0.6624
  909.0000   -1.3071   -1.3071   -0.1960   -0.1960
  910.0000   -1.4920   -1.4920    0.2287    0.2287
  911.0000   -1.7543   -1.7916    0.4235    0.4170
  912.0000   -2.0411   -2.0411    0.3990    0.3990
  913.0000   -2.0588   -2.0588    0.2499    0.2499
  914.0000   -1.9325   -1.9325    0.0148    0.0148
  915.0000   -1.7243   -1.7243   -0.2579   -0.2579
  916.0000   -1.5562   -1.5562   -0.2463   -0.2463
  917.0000   -1.5069   -1.5069   -0.1176   -0.1176
  918.0000   -1.5260   -1.5260   -0.0190   -0.0190
  919.0000   -1.5554   -1.5554    0.2384    0.2384
  920.0000   -1.3493   -1.3493    0.3988    0.3988
  921.0000   -1.0881   -1.0881    0.4280    0.4280
  922.0000   -0.8777   -0.8777    0.6561    0.6561
  923.0000   -0.7159   -0.7159    1.1168    1.1168
  924.0000   -0.6319   -0.6319    1.3838    1.3838
  925.0000   -0.5550   -0.5550    1.6612    1.6612
  926.0000   -0.6461   -0.6461    2.0058    2.0058
  927.0000   -0.6920   -0.6920    2.2856    2.2856
  928.0000   -0.4563   -0.4563    2.2323    2.2323
  929.0000   -0.2554   -0.2554    1.9716    1.9716
  930.0000    0.0065    0.0065    1.5648    1.5648
  931.0000    0.2032    0.2032    0.8426    0.8426
  932.0000    0.6887    0.6887    0.2324    0.2324
  933.0000    1.1695    1.1695   -0.2837   -0.2837
  934.0000    1.7997    1.7997   -0.5444   -0.5444
  935.0000    2.3625    2.3625   -0.8270   -0.8270
  936.0000    2.2646    2.2646   -0.7851   -0.7851
  937.0000    1.7411    1.7411   -0.5348   -0.5348
  938.0000    1.3128    1.3128    0.0281    0.0281
  939.0000    0.8784    0.8784    0.6257    0.6257
  940.0000    0.6317    0.6317    0.7173    0.7173
  941.0000    0.4325    0.4325    0.5994    0.5994
  942.0000    0.3241    0.3241    0.2813    0.2813
  943.0000    0.4386    0.4386   -0.0749   -0.0749
  944.0000    0.4980    0.4980   -0.5310   -0.5310
  945.0000    0.2593    0.2593   -0.7819   -0.7819
  946.0000   -0.0230   -0.0230   -1.0764   -1.0764
  947.0000   -0.2690   -0.2690   -1.1034   -1.1034
  948.0000   -0.5249   -0.5249   -1.0469   -1.0469
  949.0000   -0.7049   -0.7049   -0.9898   -0.9898
  950.0000   -0.7683   -0.7683   -0.7271   -0.7271
  951.0000   -0.6518   -0.6518   -0.4946   -0.4946
  952.0000   -0.3854   -0.3854   -0.5311   -0.5311
  953.0000   -0.5776   -0.5776   -0.6492   -0.6492
  954.0000   -1.1013   -1.1013   -0.4590   -0.4590
  955.0000   -1.5834   -1.5834    0.0427    0.0427
  956.0000   -1.7445   -1.6870    0.5697    0.6329
  957.0000   -1.4710   -1.4710    1.0271    1.0271
  958.0000   -1.1264   -1.1264    0.9476    0.9476
  959.0000   -0.7673   -0.7673    0.3825    0.3825
  960.0000   -0.0660   -0.0660   -0.0434   -0.0434
  961.0000    0.4334    0.4334   -0.3597   -0.3597
  962.0000    0.5820    0.5820   -0.8348   -0.8348
  963.0000    0.7672    0.7672   -1.2261   -1.2261
  964.0000    0.7548    0.7548   -1.4341   -1.4341
  965.0000    0.6016    0.6016   -1.1756   -1.1756
  966.0000    0.4207    0.4207   -0.7144   -0.7144
  967.0000    0.3796    0.3392   -0.4592   -0.4447
  968.0000    0.2988    0.2988   -0.3156   -0.3156
  969.0000    0.2459    0.2459   -0.2000   -0.2000
  970.0000    0.3497    0.3091   -0.0104   -0.1184
  971.0000    0.4898    0.4958    0.2961   -0.0715
  972.0000    0.7289    0.7688    0.4467   -0.0449
  973.0000    0.9835    1.0908    0.4664   -0.0241
  974.0000    1.0905    1.4247    0.2824    0.0053
  975.0000    1.3757    1.7333    0.1468    0.0577
  976.0000    1.7928    1.9793    0.2298    0.1476
  977.0000    2.1255    2.1255    0.2892    0.2892
  978.0000    2.1619    2.1619    0.4558    0.4558
  979.0000    2.1259    2.1644    0.4238    0.5080
  980.0000    2.1508    2.1462    0.4765    0.4799
  981.0000    2.1693    2.0983    0.5448    0.4589
  982.0000    2.0113    2.0113    0.5325    0.5325
  983.0000    1.8842    1.8842    0.7766    0.7766
  984.0000    1.7377    1.7418    1.1980    1.2069
  985.0000    1.5929    1.5929    1.7673    1.7673
  986.0000    1.4443    1.4443    2.2310    2.2310
  987.0000    1.1847    1.1847    2.0264    2.0264
  988.0000    0.5030    0.5030    1.5358    1.5358
  989.0000    0.0583    0.0583    1.2446    1.2446
  990.0000   -0.0993   -0.0993    1.0833    1.0833
  991.0000   -0.2983   -0.2983    0.9308    0.9308
  992.0000   -0.5700   -0.6222    0.9147    0.8914
  993.0000   -0.8436   -0.9942    0.8293    0.9161
  994.0000   -1.2450   -1.3149    0.8916    0.9000
  995.0000   -1.4852   -1.4852    0.7385    0.7385
  996.0000   -1.4712   -1.4712    0.4528    0.4528
  997.0000   -1.4822   -1.4822    0.3717    0.3717
  998.0000   -1.5935   -1.5935    0.3076    0.3076
  999.0000   -1.5729   -1.5729    0.3019    0.3019
 1000.0000   -1.6621   -1.6621    0.1335    0.1335
 1001.0000   -1.5239   -1.5239   -0.0189   -0.0189
 1002.0000   -1.1458   -1.1458   -0.3729   -0.3729
 1003.0000   -0.8844   -0.8844   -0.4688   -0.4688
 1004.0000   -0.8175   -0.8175   -0.6252   -0.6252
 1005.0000   -0.7291   -0.7291   -0.8349   -0.8349
 1006.0000   -0.5271   -0.5271   -0.7891   -0.7891
 1007.0000   -0.6545   -0.6545   -0.7151   -0.7151
 1008.0000   -0.7942   -0.7942   -0.5465   -0.5465
 1009.0000   -0.6275   -0.6275   -0.4195   -0.4195
 1010.0000   -0.5262   -0.5262   -0.4360   -0.4360
 1011.0000   -0.5554   -0.5554   -0.5363   -0.5363
 1012.0000   -0.4783   -0.4783   -0.7358   -0.7358
 1013.0000   -0.3629   -0.3629   -0.6030   -0.6030
 1014.0000   -0.3985   -0.3985   -0.2992   -0.2992
 1015.0000   -0.3568   -0.3568   -0.0607   -0.0607
 1016.0000   -0.3855   -0.3855   -0.0152   -0.0152
 1017.0000   -0.5612   -0.5612    0.1084    0.1084
 1018.0000   -0.6985   -0.6985   -0.1157   -0.1157
 1019.0000   -0.8057   -0.8057   -0.5553   -0.5553
 1020.0000   -0.9670   -0.9670   -0.7399   -0.7399
 1021.0000   -0.8219   -0.8219   -0.6704   -0.6704
 1022.0000   -0.5643   -0.5643   -0.5621   -0.5621
 1023.0000   -0.2391   -0.2391   -0.4138   -0.4138
