    0.0000   -0.3553   -0.3553   -0.5185   -0.5185
    1.0000   -0.1907   -0.1907   -1.2015   -1.2015
    2.0000    0.1139    0.1139   -1.6789   -1.6789
    3.0000    0.1439    0.1439   -1.9031   -1.9031
    4.0000    0.0353    0.0353   -1.8372   -1.8372
    5.0000   -0.2839   -0.2839   -1.2884   -1.2884
    6.0000   -0.7078   -0.7078   -0.9985   -0.9985
    7.0000   -0.9974   -0.9974   -0.9316   -0.9316
    8.0000   -1.1106   -1.1106   -0.8651   -0.8651
    9.0000   -1.1222   -1.1222   -0.8178   -0.8178
   10.0000   -1.0169   -1.0169   -0.6636   -0.6636
   11.0000   -0.8821   -0.7808   -0.6232   -0.5695
   12.0000   -0.4750   -0.4750   -0.5742   -0.5742
   13.0000   -0.2913   -0.2913   -0.6080   -0.6080
   14.0000   -0.5929   -0.5929   -0.4810   -0.4810
   15.0000   -0.9103   -0.9103   -0.1876   -0.1876
   16.0000   -1.0699   -1.0699    0.2962    0.2962
   17.0000   -0.8026   -0.8026    0.5113    0.5113
   18.0000   -0.4769   -0.4769    0.7122    0.7122
   19.0000   -0.2977   -0.2874    0.8037    0.8353
   20.0000   -0.2812   -0.2853    0.8549    0.9455
   21.0000   -0.5092   -0.5092    1.1810    1.1810
   22.0000   -0.9131   -0.9131    1.5674    1.5674
   23.0000   -1.2398   -1.2398    1.7691    1.7691
   24.0000   -1.5623   -1.5456    1.8385    1.7066
   25.0000   -1.5835   -1.5835    1.4182    1.4182
   26.0000   -1.2132   -1.2132    0.9901    0.9901
   27.0000   -0.9312   -0.9312    0.5671    0.5671
   28.0000   -0.6782   -0.6782    0.0575    0.0575
   29.0000   -0.4908   -0.4908   -0.2869   -0.2869
   30.0000   -0.2005   -0.2005   -0.4765   -0.4765
   31.0000   -0.0951   -0.0951   -0.4272   -0.4272
   32.0000    0.0228    0.0228   -0.2574   -0.2574
   33.0000    0.2231    0.2231   -0.0179   -0.0179
   34.0000    0.3739    0.3739    0.2022    0.2022
   35.0000    0.4688    0.4688    0.3626    0.3626
   36.0000    0.8009    0.8009    0.4386    0.4386
   37.0000    1.1289    1.1289    0.4643    0.4643
   38.0000    1.3287    1.3287    0.3517    0.3517
   39.0000    1.5865    1.5865    0.2641    0.2641
   40.0000    1.7260    1.7260    0.3683    0.3683
   41.0000    1.8177    1.8177    0.3780    0.3780
   42.0000    1.6641    1.6641    0.2816    0.2816
   43.0000    1.4971    1.4971    0.2800    0.2800
   44.0000    1.4236    1.4236    0.1747    0.1747
   45.0000    1.5355    1.3775    0.1821    0.1938
   46.0000    1.6996    1.3465    0.3353    0.3626
   47.0000    1.7396    1.3397    0.7152    0.6131
   48.0000    1.5556    1.3664    1.0238    0.8771
   49.0000    1.4357    1.4357    1.0866    1.0866
   50.0000    1.5848    1.5848    1.0897    1.0897
   51.0000    1.8175    1.8175    0.7154    0.7154
   52.0000    1.7665    1.7665    0.6188    0.6188
   53.0000    1.6307    1.6307    0.4985    0.4985
   54.0000    1.5840    1.5840    0.2769    0.2769
   55.0000    1.2841    1.2989    0.1632    0.0826
   56.0000    0.8248    0.7893    0.1300   -0.1048
   57.0000    0.2302    0.1924   -0.1352   -0.3498
   58.0000   -0.3544   -0.3544   -0.7171   -0.7171
   59.0000   -0.7332   -0.7332   -1.2488   -1.2488
   60.0000   -0.8883   -0.8883   -1.8922   -1.8922
   61.0000   -0.7168   -0.7168   -2.5471   -2.5471
   62.0000   -0.2433   -0.2433   -3.0499   -3.0499
   63.0000    0.0994    0.0994   -3.1786   -3.1786
   64.0000    0.3580    0.3580   -3.0476   -3.0476
   65.0000    0.1612    0.1612   -2.6119   -2.6119
   66.0000   -0.2883   -0.2883   -2.0484   -2.0484
   67.0000   -0.8913   -0.8913   -1.4401   -1.4401
   68.0000   -1.1962   -1.1962   -1.0369   -1.0369
   69.0000   -0.9916   -0.9916   -0.9661   -0.9661
   70.0000   -0.4191   -0.4191   -0.7516   -0.7516
   71.0000   -0.1720   -0.1720   -0.2798   -0.2798
   72.0000   -0.0911   -0.0911   -0.1988   -0.1988
   73.0000   -0.1431   -0.1431   -0.3279   -0.3279
   74.0000    0.0054   -0.0642   -0.6290   -0.6100
   75.0000    0.2740    0.2740   -0.9651   -0.9651
   76.0000    0.7878    0.7878   -1.2386   -1.2386
   77.0000    0.9371    0.9371   -1.2055   -1.2055
   78.0000    0.6741    0.6741   -0.9506   -0.9506
   79.0000    0.1855    0.1855   -0.5710   -0.5710
   80.0000   -0.4435   -0.4435   -0.2207   -0.2207
   81.0000   -0.8696   -0.8696   -0.3241   -0.3241
   82.0000   -1.0997   -1.0997   -0.8599   -0.8599
   83.0000   -1.2393   -1.2393   -1.2559   -1.2559
   84.0000   -1.2872   -1.2872   -1.1626   -1.1626
   85.0000   -1.0936   -1.0936   -1.0016   -1.0016
   86.0000   -0.8182   -0.8182   -0.8698   -0.8698
   87.0000   -0.6569   -0.6569   -0.5130   -0.5130
   88.0000   -0.5865   -0.5865   -0.1468   -0.1468
   89.0000   -0.6700   -0.6056    0.1429    0.0795
   90.0000   -0.5401   -0.5401    0.1908    0.1908
   91.0000   -0.2774   -0.2774    0.2037    0.2037
   92.0000   -0.0537   -0.0537    0.1357    0.1357
   93.0000    0.1307    0.1307    0.3309    0.3309
   94.0000    0.1278    0.1278    0.3318    0.3318
   95.0000   -0.0571   -0.0571   -0.0129   -0.0129
   96.0000   -0.2081   -0.2081   -0.4772   -0.4772
   97.0000   -0.4055   -0.4055   -0.7864   -0.7864
   98.0000   -0.4637   -0.4637   -0.7105   -0.7105
   99.0000   -0.4424   -0.4424   -0.5137   -0.5137
  100.0000   -0.4737   -0.4737   -0.4507   -0.4507
  101.0000   -0.7274   -0.7274   -0.4194   -0.4194
  102.0000   -0.6683   -0.6186   -0.2435   -0.2773
  103.0000   -0.2453   -0.2453   -0.1302   -0.1302
  104.0000    0.1192    0.1192   -0.0833   -0.0833
  105.0000    0.3872    0.3872   -0.1087   -0.1087
  106.0000    0.4433    0.4433   -0.3990   -0.3990
  107.0000    0.5826    0.5826   -0.5191   -0.5191
  108.0000    0.6152    0.6152   -0.2180   -0.2180
  109.0000    0.5164    0.5164    0.2246    0.2246
  110.0000    0.4593    0.4593    0.6257    0.6257
  111.0000    0.4544    0.4544    0.8783    0.8783
  112.0000    0.5092    0.5092    1.0097    1.0097
  113.0000    0.3244    0.3244    0.6245    0.6245
  114.0000    0.1934    0.1934    0.1707    0.1707
  115.0000    0.0917    0.0917    0.0300    0.0300
  116.0000    0.0849    0.0849   -0.0261   -0.0261
  117.0000   -0.0024   -0.0024   -0.0171   -0.0171
  118.0000   -0.2432   -0.2432    0.0509    0.0509
  119.0000   -0.6311   -0.6311   -0.0182   -0.0182
  120.0000   -1.0662   -1.0662   -0.2171   -0.2171
  121.0000   -1.0690   -1.0690   -0.2772   -0.2772
  122.0000   -0.6508   -0.6508   -0.0531   -0.0531
  123.0000   -0.2671   -0.2671    0.2133    0.2133
  124.0000   -0.0851   -0.0851    0.6883    0.6883
  125.0000   -0.1496   -0.1496    1.1475    1.1475
  126.0000   -0.2794   -0.2794    1.5131    1.5131
  127.0000   -0.4102   -0.4102    1.7138    1.7138
  128.0000   -0.5270   -0.5270    1.9116    1.9116
  129.0000   -0.6121   -0.6121    2.0332    2.0332
  130.0000   -0.8134   -0.8134    1.9825    1.9825
  131.0000   -0.8444   -0.8444    1.6181    1.6181
  132.0000   -0.7239   -0.7239    1.2827    1.2827
  133.0000   -0.5476   -0.5476    1.0816    1.0816
  134.0000   -0.1370   -0.1370    0.9539    0.9539
  135.0000    0.1212    0.1212    0.3819    0.3819
  136.0000    0.2050    0.2050   -0.0739   -0.0739
  137.0000    0.1264    0.1264   -0.2870   -0.2870
  138.0000   -0.2798   -0.2798   -0.4940   -0.4940
  139.0000   -0.6220   -0.6697   -0.4610   -0.5689
  140.0000   -0.9033   -0.9033   -0.3066   -0.3066
  141.0000   -0.9892   -0.9892    0.2467    0.2467
  142.0000   -1.1406   -1.1406    0.4756    0.4756
  143.0000   -1.4399   -1.4399    0.8223    0.8223
  144.0000   -1.4739   -1.4739    1.0163    1.0163
  145.0000   -1.0166   -1.0166    1.0611    1.0611
  146.0000   -0.7019   -0.7019    0.9062    0.9062
  147.0000   -0.5338   -0.5338    0.7206    0.7206
  148.0000   -0.6109   -0.6109    0.6123    0.6123
  149.0000   -0.9053   -0.9053    0.4908    0.4908
  150.0000   -1.0860   -1.0860   -0.0057   -0.0057
  151.0000   -1.3118   -1.3118   -0.5808   -0.5808
  152.0000   -1.2729   -1.2729   -0.6847   -0.6847
  153.0000   -0.9659   -0.9659   -0.3642   -0.3642
  154.0000   -0.5150   -0.5150   -0.1913   -0.1913
  155.0000    0.0698    0.0246   -0.0964   -0.1343
  156.0000    0.4861    0.5492   -0.1167   -0.1173
  157.0000    0.9369    0.9369   -0.1028   -0.1028
  158.0000    1.1083    1.1083   -0.1013   -0.1013
  159.0000    1.2013    1.2013   -0.2540   -0.2540
  160.0000    1.4501    1.4501   -0.4250   -0.4250
  161.0000    1.7532    1.7532   -0.3537   -0.3537
  162.0000    2.3176    2.3176   -0.4314   -0.4314
  163.0000    2.6843    2.6843   -0.3581   -0.3581
  164.0000    2.7026    2.7026   -0.4034   -0.4034
  165.0000    2.6274    2.6274   -0.5064   -0.5064
  166.0000    2.4174    2.4174   -0.5471   -0.5471
  167.0000    2.0793    2.0793   -0.6401   -0.6401
  168.0000    1.8361    1.8361   -0.7249   -0.7249
  169.0000    1.8339    1.8339   -0.7072   -0.7072
  170.0000    1.9150    1.9150   -0.5952   -0.5952
  171.0000    2.1792    2.1792   -0.4190   -0.4190
  172.0000    2.3243    2.3243   -0.1825   -0.1825
  173.0000    2.5257    2.5257   -0.1705   -0.1705
  174.0000    2.5548    2.5548   -0.3561   -0.3561
  175.0000    2.4439    2.4439   -0.6556   -0.6556
  176.0000    2.1585    2.1585   -0.8543   -0.8543
  177.0000    2.0051    2.0051   -1.1021   -1.1021
  178.0000    2.0744    2.0744   -1.1973   -1.1973
  179.0000    2.0859    2.0859   -1.2163   -1.2163
  180.0000    1.9461    1.9461   -1.0430   -1.0430
  181.0000    1.5131    1.5131   -0.6566   -0.6566
  182.0000    1.1945    1.1945   -0.5678   -0.5678
  183.0000    0.9309    0.9309   -0.5520   -0.5520
  184.0000    0.4176    0.4176   -0.6318   -0.6318
  185.0000    0.0798    0.0798   -0.5213   -0.5213
  186.0000    0.0198    0.0198   -0.4930   -0.4930
  187.0000    0.0472    0.0472   -0.1386   -0.1386
  188.0000   -0.1281   -0.1281    0.2432    0.2432
  189.0000   -0.3183   -0.3183    0.5313    0.5313
  190.0000   -0.5434   -0.5434    0.5821    0.5821
  191.0000   -0.7402   -0.7402    0.4710    0.4710
  192.0000   -0.7737   -0.7737    0.0282    0.0282
  193.0000   -0.6540   -0.6540   -0.2123   -0.2123
  194.0000   -0.5459   -0.6062   -0.3189   -0.2622
  195.0000   -0.6057   -0.6057   -0.1669   -0.1669
  196.0000   -0.6123   -0.6123    0.0843    0.0843
  197.0000   -0.8147   -0.8147    0.4314    0.4314
  198.0000   -1.2804   -1.2804    0.6089    0.6089
  199.0000   -1.6930   -1.6930    0.9763    0.9763
  200.0000   -1.7132   -1.7132    1.2807    1.2807
  201.0000   -1.4047   -1.4047    1.4346    1.4346
  202.0000   -1.1093   -1.1093    1.3415    1.3415
  203.0000   -0.9878   -0.8725    1.1177    1.1685
  204.0000   -0.8480   -0.7915    1.0047    1.0475
  205.0000   -1.0024   -1.0024    1.0793    1.0793
  206.0000   -1.5146   -1.5146    1.1754    1.1754
  207.0000   -1.9329   -1.9329    0.8526    0.8526
  208.0000   -2.1414   -2.1414    0.6382    0.6382
  209.0000   -2.0843   -2.1297    0.3979    0.4792
  210.0000   -1.8961   -1.9431    0.3620    0.3344
  211.0000   -1.6263   -1.6417    0.3757    0.2290
  212.0000   -1.2853   -1.2853    0.1881    0.1881
  213.0000   -0.8741   -0.8741    0.2373    0.2373
  214.0000   -0.3388   -0.3388    0.3392    0.3392
  215.0000   -0.1072   -0.1072    0.2568    0.2568
  216.0000   -0.2403   -0.2403   -0.0276   -0.0276
  217.0000   -0.4516   -0.4516   -0.3608   -0.3608
  218.0000   -0.4444   -0.4444   -0.7014   -0.7014
  219.0000   -0.4428   -0.4428   -1.0513   -1.0513
  220.0000   -0.5887   -0.5557   -1.2839   -1.3413
  221.0000   -0.7725   -0.7725   -1.4895   -1.4895
  222.0000   -1.0009   -1.0009   -1.4541   -1.4541
  223.0000   -0.9707   -0.9707   -1.3101   -1.3101
  224.0000   -0.8194   -0.8194   -1.0226   -1.0226
  225.0000   -0.9060   -0.9060   -0.5564   -0.5564
  226.0000   -0.8748   -0.8748   -0.1074   -0.1074
  227.0000   -0.9319   -0.9319    0.2114    0.2114
  228.0000   -0.9435   -0.9435    0.3358    0.3358
  229.0000   -0.8786   -0.8786    0.3364    0.3364
  230.0000   -0.9583   -0.9583    0.4083    0.4083
  231.0000   -1.0836   -1.0836    0.3277    0.3277
  232.0000   -1.2889   -1.2889    0.2748    0.2748
  233.0000   -1.5689   -1.5689   -0.0516   -0.0516
  234.0000   -1.9030   -1.9030   -0.2720   -0.2720
  235.0000   -2.3495   -2.3495   -0.2747   -0.2747
  236.0000   -2.8435   -2.8435   -0.0582   -0.0582
  237.0000   -2.7466   -2.7466    0.1423    0.1423
  238.0000   -1.9852   -1.9923    0.2532    0.2139
  239.0000   -1.1212   -1.1212    0.1706    0.1706
  240.0000   -0.5574   -0.5574   -0.0046   -0.0046
  241.0000    0.0199    0.0199   -0.3639   -0.3639
  242.0000    0.5583    0.5583   -0.6150   -0.6150
  243.0000    0.9691    0.9691   -1.1607   -1.1607
  244.0000    0.9850    0.9850   -1.6141   -1.6141
  245.0000    1.0591    1.0591   -1.9159   -1.9159
  246.0000    0.9719    0.9719   -1.7175   -1.7175
  247.0000    0.6780    0.6780   -1.4011   -1.4011
  248.0000    0.4060    0.4060   -1.1009   -1.1009
  249.0000    0.1935    0.1935   -0.9969   -0.9969
  250.0000   -0.1831   -0.1831   -1.0188   -1.0188
  251.0000   -0.4204   -0.4204   -0.8981   -0.8981
  252.0000   -0.4515   -0.4515   -0.7330   -0.7330
  253.0000   -0.1271   -0.1271   -0.5993   -0.5993
  254.0000    0.0759    0.0759   -0.4700   -0.4700
  255.0000    0.1599    0.1599   -0.4216   -0.4216
  256.0000    0.3020    0.3020   -0.3046   -0.3046
  257.0000    0.5977    0.5977    0.0067    0.0067
  258.0000    0.8024    0.8173    0.2850    0.2295
  259.0000    0.8030    0.8030    0.4230    0.4230
  260.0000    0.5871    0.5871    0.6789    0.6789
  261.0000    0.5680    0.5680    0.7633    0.7633
  262.0000    0.5163    0.5163    0.4836    0.4836
  263.0000    0.4266    0.4266   -0.0816   -0.0816
  264.0000    0.2020    0.2020   -0.5973   -0.5973
  265.0000    0.3233    0.3233   -0.9361   -0.9361
  266.0000    0.5006    0.5006   -0.8510   -0.8510
  267.0000    0.6764    0.6764   -0.7734   -0.7734
  268.0000    0.9024    0.9024   -0.5001   -0.5001
  269.0000    0.9303    0.9303   -0.2857   -0.2857
  270.0000    0.7666    0.7666   -0.4786   -0.4786
  271.0000    0.5074    0.5074   -0.5840   -0.5840
  272.0000    0.4785    0.4785   -0.1380   -0.1380
  273.0000    0.4051    0.4051    0.6671    0.6671
  274.0000    0.2411    0.2411    1.3133    1.3133
  275.0000    0.1860    0.1860    1.7995    1.7995
  276.0000    0.1462    0.1462    1.8776    1.8776
  277.0000    0.3189    0.3189    1.7047    1.7047
  278.0000    0.5855    0.5855    1.6499    1.6499
  279.0000    0.5896    0.5896    1.6363    1.6363
  280.0000    0.0473    0.0473    1.8240    1.8240
  281.0000   -0.7051   -0.7051    1.8704    1.8704
  282.0000   -1.0572   -1.0572    1.7554    1.7554
  283.0000   -1.2092   -1.2092    1.5953    1.5953
  284.0000   -1.2778   -1.2778    1.4482    1.4482
  285.0000   -1.0237   -1.0237    1.2712    1.2712
  286.0000   -0.7033   -0.7033    1.0315    1.0315
  287.0000   -0.3619   -0.3619    0.3194    0.3194
  288.0000   -0.0584   -0.0584   -0.3970   -0.3970
  289.0000    0.0964    0.0964   -0.7764   -0.7764
  290.0000    0.2305    0.2305   -0.8613   -0.8613
  291.0000    0.4965    0.4965   -0.8177   -0.8177
  292.0000    0.6969    0.6969   -0.8209   -0.8209
  293.0000    0.6731    0.6731   -0.8692   -0.8692
  294.0000    1.0907    1.0907   -0.7670   -0.7670
  295.0000    1.4837    1.4837   -0.7600   -0.7600
  296.0000    1.4899    1.4899   -0.4490   -0.4490
  297.0000    0.9849    0.9849   -0.0020   -0.0020
  298.0000    0.4618    0.4618    0.2839    0.2839
  299.0000    0.2140    0.2140    0.3662    0.3662
  300.0000    0.1287    0.1287    0.4736    0.4736
  301.0000    0.4048    0.4048    0.3038    0.3038
  302.0000    0.8495    0.8594    0.2095    0.2586
  303.0000    1.3527    1.3466    0.1627    0.3309
  304.0000    1.7655    1.7655    0.3427    0.3427
  305.0000    2.0466    2.0466    0.1666    0.1666
  306.0000    2.2378    2.2378   -0.1617   -0.1617
  307.0000    2.3008    2.3008   -0.6250   -0.6250
  308.0000    2.0449    2.0449   -0.9423   -0.9423
  309.0000    1.8617    1.8617   -0.9883   -0.9883
  310.0000    1.9529    1.9529   -0.5465   -0.5465
  311.0000    1.8292    1.8292    0.0965    0.0965
  312.0000    1.3626    1.3626    0.4975    0.4975
  313.0000    0.7504    0.7504    0.5979    0.5979
  314.0000    0.3158    0.3158    0.6202    0.6202
  315.0000    0.3137    0.3137    0.3988    0.3988
  316.0000    0.4602    0.4602    0.1620    0.1620
  317.0000    0.6544    0.6544    0.2322    0.2322
  318.0000    0.6792    0.6792    0.5813    0.5813
  319.0000    0.3952    0.3952    1.0501    1.0501
  320.0000   -0.1412   -0.1412    1.1885    1.1885
  321.0000   -0.5080   -0.5080    1.3332    1.3332
  322.0000   -0.9134   -0.9134    1.4959    1.4959
  323.0000   -1.1350   -1.1350    1.5550    1.5550
  324.0000   -1.0116   -1.0116    1.5284    1.5284
  325.0000   -0.7140   -0.7140    1.2685    1.2685
  326.0000   -0.4172   -0.4172    0.7779    0.7779
  327.0000   -0.0641   -0.0641    0.4025    0.4025
  328.0000    0.2328    0.2328    0.3461    0.3461
  329.0000    0.5576    0.5576    0.2409    0.2409
  330.0000    0.7214    0.7214   -0.0102   -0.0102
  331.0000    0.6933    0.6933    0.2579    0.2579
  332.0000    0.2870    0.2870    0.3985    0.3985
  333.0000   -0.0954   -0.0954    0.5524    0.5524
  334.0000   -0.1750   -0.1750    0.7157    0.7157
  335.0000   -0.3077   -0.3077    0.5790    0.5790
  336.0000   -0.8456   -0.8456    0.5786    0.5786
  337.0000   -1.3006   -1.3006    0.5039    0.5039
  338.0000   -1.4323   -1.4323    0.1189    0.1189
  339.0000   -1.1753   -1.1753   -0.3363   -0.3363
  340.0000   -0.6810   -0.6810   -0.5862   -0.5862
  341.0000   -0.3605   -0.3605   -0.6773   -0.6773
  342.0000   -0.1041   -0.1041   -0.4844   -0.4844
  343.0000   -0.0875   -0.0875   -0.2790   -0.2790
  344.0000   -0.2136   -0.2136   -0.1822   -0.1822
  345.0000   -0.4437   -0.4437   -0.4206   -0.4206
  346.0000   -0.4636   -0.4636   -0.6432   -0.6432
  347.0000   -0.4733   -0.4733   -0.6717   -0.6717
  348.0000   -0.6736   -0.6736   -0.6723   -0.6723
  349.0000   -0.9865   -0.9865   -0.8992   -0.8992
  350.0000   -1.1373   -1.1373   -1.1625   -1.1625
  351.0000   -1.1379   -1.1379   -1.5052   -1.5052
  352.0000   -0.8888   -0.8888   -1.7577   -1.7577
  353.0000   -0.8069   -0.8069   -2.0488   -2.0488
  354.0000   -0.9887   -0.9887   -2.0650   -2.0650
  355.0000   -1.2929   -1.2929   -1.9796   -1.9796
  356.0000   -1.4296   -1.4296   -1.7084   -1.7084
  357.0000   -1.4449   -1.4449   -1.5681   -1.5681
  358.0000   -1.5511   -1.5511   -1.5376   -1.5376
  359.0000   -1.4033   -1.4033   -1.6487   -1.6487
  360.0000   -0.9033   -0.9033   -1.7210   -1.7210
  361.0000   -0.3034   -0.3034   -1.8281   -1.8281
  362.0000   -0.2533   -0.2533   -1.9334   -1.9334
  363.0000   -0.1979   -0.1979   -1.6545   -1.6545
  364.0000    0.1805    0.1805   -1.4893   -1.4893
  365.0000    0.6329    0.6329   -1.1746   -1.1746
  366.0000    0.8583    0.8583   -0.7160   -0.7160
  367.0000    0.9587    0.9587   -0.4237   -0.4237
  368.0000    0.7195    0.7195   -0.2552   -0.2552
  369.0000    0.4450    0.4450    0.1221    0.1221
  370.0000    0.3403    0.3403    0.4508    0.4508
  371.0000    0.1491    0.1491    0.6660    0.6660
  372.0000   -0.1253   -0.1253    0.8233    0.8233
  373.0000   -0.2513   -0.2513    1.0179    1.0179
  374.0000   -0.4227   -0.4227    1.0997    1.0997
  375.0000   -0.5225   -0.5225    1.2855    1.2855
  376.0000   -0.7928   -0.7928    1.5447    1.5447
  377.0000   -1.0530   -1.0530    1.9330    1.9330
  378.0000   -1.4391   -1.4391    2.3249    2.3249
  379.0000   -1.7376   -1.7376    2.2958    2.2958
  380.0000   -1.8682   -1.8682    1.8542    1.8542
  381.0000   -1.6599   -1.6599    1.3382    1.3382
  382.0000   -1.5948   -1.5948    1.0843    1.0843
  383.0000   -1.4616   -1.4616    0.9549    0.9549
  384.0000   -1.4058   -1.4474    0.9659    0.8780
  385.0000   -1.3681   -1.3681    0.8447    0.8447
  386.0000   -1.0258   -1.0258    0.8514    0.8514
  387.0000   -0.6122   -0.6122    0.9880    0.9880
  388.0000   -0.0492   -0.0492    1.5116    1.5116
  389.0000    0.4447    0.4447    2.0942    2.0942
  390.0000    0.8332    0.8332    2.4558    2.4558
  391.0000    1.0596    1.0596    2.5028    2.5028
  392.0000    1.0925    1.0925    2.2452    2.2452
  393.0000    0.9729    0.9729    2.0224    2.0224
  394.0000    0.6231    0.6231    1.9836    1.9836
  395.0000    0.2788    0.2788    2.0055    2.0055
  396.0000    0.1353    0.1353    1.8155    1.8155
  397.0000    0.1332    0.1332    1.2810    1.2810
  398.0000    0.3700    0.3927    0.8226    0.8003
  399.0000    0.7608    0.7608    0.5315    0.5315
  400.0000    1.0491    1.0491    0.4977    0.4977
  401.0000    1.2826    1.2826    0.5844    0.5844
  402.0000    1.4800    1.4800    0.6971    0.6971
  403.0000    1.6317    1.6317    0.7469    0.7469
  404.0000    1.8916    1.8916    0.3407    0.3407
  405.0000    1.8854    1.8854   -0.2246   -0.2246
  406.0000    1.8357    1.8357   -0.6242   -0.6242
  407.0000    1.5722    1.5722   -0.5987   -0.5987
  408.0000    1.3015    1.3015   -0.1938   -0.1938
  409.0000    1.1611    1.1611    0.2995    0.2995
  410.0000    0.8239    0.8239    0.6662    0.6662
  411.0000    0.6265    0.6265    0.6376    0.6376
  412.0000    0.5716    0.5716    0.0861    0.0861
  413.0000    0.4769    0.4769   -0.4649   -0.4649
  414.0000    0.2827    0.2827   -0.6989   -0.6989
  415.0000   -0.0042   -0.0042   -0.5592   -0.5592
  416.0000   -0.5084   -0.5084   -0.4089   -0.4089
  417.0000   -0.9006   -0.9006   -0.3659   -0.3659
  418.0000   -0.9027   -0.9027   -0.1872   -0.1872
  419.0000   -0.8539   -0.8539   -0.2249   -0.2249
  420.0000   -0.6518   -0.6518   -0.3253   -0.3253
  421.0000   -0.4035   -0.4035   -0.2977   -0.2977
  422.0000   -0.3374   -0.3374   -0.5029   -0.5029
  423.0000   -0.2712   -0.2712   -0.5989   -0.5989
  424.0000   -0.3857   -0.3857   -0.6639   -0.6639
  425.0000   -0.5039   -0.5445   -0.6751   -0.6872
  426.0000   -0.7043   -0.7043   -0.6192   -0.6192
  427.0000   -0.8422   -0.8422   -0.4671   -0.4671
  428.0000   -0.8986   -0.8986   -0.3780   -0.3780
  429.0000   -1.0373   -1.0373   -0.3569   -0.3569
  430.0000   -0.9606   -0.9606   -0.4756   -0.4756
  431.0000   -0.7980   -0.7980   -0.7512   -0.7512
  432.0000   -0.6626   -0.6626   -0.6669   -0.6669
  433.0000   -0.4776   -0.4776   -0.4384   -0.4384
  434.0000   -0.3945   -0.3945   -0.0792   -0.0792
  435.0000   -0.2924   -0.2924    0.2373    0.2373
  436.0000   -0.0876   -0.0876    0.3997    0.3997
  437.0000   -0.0138   -0.0138    0.3149    0.3149
  438.0000   -0.3621   -0.3621   -0.1656   -0.1656
  439.0000   -0.9526   -0.9526   -0.5083   -0.5083
  440.0000   -1.2993   -1.2993   -0.4886   -0.4886
  441.0000   -1.4917   -1.4917   -0.1370   -0.1370
  442.0000   -1.0946   -1.0946    0.3170    0.3170
  443.0000   -0.5319   -0.5319    0.5189    0.5189
  444.0000    0.1999    0.1999    0.3451    0.3451
  445.0000    0.6892    0.6892    0.0998    0.0998
  446.0000    1.1092    1.1092   -0.4311   -0.4311
  447.0000    1.2558    1.2558   -0.7247   -0.7247
  448.0000    1.1335    1.1335   -0.8398   -0.8398
  449.0000    1.2304    1.2304   -1.0594   -1.0594
  450.0000    1.3550    1.3550   -1.3569   -1.3569
  451.0000    1.5334    1.5334   -1.3306   -1.3306
  452.0000    1.6756    1.6756   -0.7973   -0.7973
  453.0000    1.6084    1.6084   -0.2347   -0.2347
  454.0000    1.6303    1.6303   -0.2069   -0.2069
  455.0000    1.6747    1.6747   -0.6491   -0.6491
  456.0000    1.4925    1.4925   -1.0911   -1.0911
  457.0000    1.2642    1.2642   -1.3050   -1.3050
  458.0000    1.1701    1.1701   -1.3155   -1.3155
  459.0000    1.1400    1.1400   -1.0900   -1.0900
  460.0000    0.9804    0.9804   -0.6852   -0.6852
  461.0000    0.7978    0.7978   -0.4846   -0.4846
  462.0000    0.7464    0.7464   -0.3124   -0.3124
  463.0000    0.6134    0.6134   -0.3572   -0.3572
  464.0000    0.6464    0.6464   -0.4702   -0.4702
  465.0000    0.8402    0.8402   -0.7016   -0.7016
  466.0000    0.8554    0.8554   -0.8834   -0.8834
  467.0000    0.6508    0.6508   -0.8185   -0.8185
  468.0000    0.3210    0.3210   -0.8061   -0.8061
  469.0000    0.0092    0.0092   -0.9884   -0.9884
  470.0000   -0.2927   -0.2927   -1.4881   -1.4881
  471.0000   -0.7480   -0.7480   -1.6136   -1.6136
  472.0000   -0.8372   -0.8372   -1.4507   -1.4507
  473.0000   -0.9923   -0.9923   -1.1144   -1.1144
  474.0000   -1.0721   -1.0721   -0.7432   -0.7432
  475.0000   -1.0638   -0.9813   -0.2994   -0.4540
  476.0000   -0.8340   -0.8351   -0.1662   -0.2561
  477.0000   -0.7847   -0.7847   -0.1334   -0.1334
  478.0000   -0.9584   -0.9584   -0.0572   -0.0572
  479.0000   -1.2826   -1.2826    0.0328    0.0328
  480.0000   -1.3286   -1.3286    0.1890    0.1890
  481.0000   -1.0761   -1.0761    0.5463    0.5463
  482.0000   -0.8154   -0.8154    0.8765    0.8765
  483.0000   -0.5417   -0.5417    0.8056    0.8056
  484.0000   -0.2363   -0.2363    0.5239    0.5239
  485.0000   -0.0693   -0.0693    0.5373    0.5373
  486.0000   -0.1112   -0.1112    0.5835    0.5835
  487.0000   -0.2491   -0.2491    1.0311    1.0311
  488.0000   -0.2781   -0.2781    1.2945    1.2945
  489.0000   -0.1629   -0.1629    1.1614    1.1614
  490.0000    0.0170    0.0170    0.9284    0.9284
  491.0000    0.0134    0.0134    0.8661    0.8661
  492.0000   -0.0971   -0.0971    0.4502    0.4502
  493.0000   -0.2265   -0.2265   -0.0256   -0.0256
  494.0000   -0.2023   -0.2023   -0.5067   -0.5067
  495.0000   -0.1537   -0.1537   -0.8906   -0.8906
  496.0000   -0.1639   -0.1639   -1.2253   -1.2253
  497.0000   -0.0906   -0.0906   -1.4399   -1.4399
  498.0000    0.1060    0.1060   -1.6396   -1.6396
  499.0000    0.3040    0.3040   -1.3584   -1.3584
  500.0000    0.4306    0.4306   -0.7949   -0.7949
  501.0000    0.4388    0.4388   -0.2898   -0.2898
  502.0000    0.5270    0.5270   -0.1874   -0.1874
  503.0000    0.4811    0.4811   -0.2913   -0.2913
  504.0000    0.2814    0.2814   -0.2635   -0.2635
  505.0000    0.1146    0.1146   -0.1234   -0.1234
  506.0000   -0.3152   -0.3152    0.0331    0.0331
  507.0000   -0.6225   -0.6225    0.2915    0.2915
  508.0000   -0.8034   -0.8034    0.5248    0.5248
  509.0000   -0.9978   -0.9978    0.7520    0.7520
  510.0000   -1.0375   -1.0375    0.9032    0.9032
  511.0000   -0.9601   -0.9601    0.6507    0.6507
  512.0000   -0.8430   -0.8430    0.2879    0.2879
  513.0000   -0.8076   -0.8076   -0.0789   -0.0789
  514.0000   -0.6751   -0.6751   -0.1767   -0.1767
  515.0000   -0.4676   -0.4676   -0.0295   -0.0295
  516.0000   -0.6593   -0.6593    0.0878    0.0878
  517.0000   -0.8552   -0.8552    0.2177    0.2177
  518.0000   -0.7347   -0.7347    0.2794    0.2794
  519.0000   -0.2324   -0.2324    0.2463    0.2463
  520.0000    0.4132    0.4132    0.3317    0.3317
  521.0000    0.8981    0.8981    0.6226    0.6226
  522.0000    1.1806    1.1806    1.1599    1.1599
  523.0000    1.5775    1.5775    1.6294    1.6294
  524.0000    1.9547    1.9547    1.8720    1.8720
  525.0000    2.0293    2.0293    2.0249    2.0249
  526.0000    1.8250    1.8250    1.8849    1.8849
  527.0000    1.4804    1.4804    1.7909    1.7909
  528.0000    1.2271    1.2271    1.8292    1.8292
  529.0000    1.1175    1.1175    1.8521    1.8521
  530.0000    0.8548    0.8548    1.8452    1.8452
  531.0000    0.5674    0.5674    1.5660    1.5660
  532.0000    0.2483    0.2483    1.3843    1.3843
  533.0000   -0.2652   -0.2652    1.4467    1.4467
  534.0000   -0.5396   -0.5396    1.8201    1.8201
  535.0000   -0.6855   -0.6855    1.9614    1.9614
  536.0000   -0.8669   -0.8669    2.0000    2.0000
  537.0000   -0.7975   -0.8055    1.7749    1.9085
  538.0000   -0.4847   -0.5166    1.5969    1.7339
  539.0000   -0.1233   -0.1233    1.5706    1.5706
  540.0000    0.2805    0.2805    1.4420    1.4420
  541.0000    0.6383    0.6383    1.1554    1.1554
  542.0000    0.6948    0.6948    0.7811    0.7811
  543.0000    0.5289    0.5289    0.6401    0.6401
  544.0000    0.4705    0.4705    0.7256    0.7256
  545.0000    0.5352    0.5352    0.6525    0.6525
  546.0000    0.7089    0.7089    0.1526    0.1526
  547.0000    0.8452    0.8452   -0.4676   -0.4676
  548.0000    0.7989    0.7989   -0.7155   -0.7155
  549.0000    0.5221    0.5221   -0.8854   -0.8854
  550.0000    0.0186    0.0186   -1.2017   -1.2017
  551.0000   -0.2673   -0.2673   -1.4413   -1.4413
  552.0000   -0.0520   -0.0520   -1.3142   -1.3142
  553.0000    0.3549    0.3549   -1.0295   -1.0295
  554.0000    0.5506    0.5506   -0.7391   -0.7391
  555.0000    0.1779    0.1779   -0.8579   -0.8579
  556.0000   -0.3136   -0.3136   -1.1327   -1.1327
  557.0000   -0.7398   -0.7398   -1.6843   -1.6843
  558.0000   -0.8922   -0.8922   -2.4575   -2.4575
  559.0000   -0.8191   -0.8191   -3.0813   -3.0813
  560.0000   -0.5324   -0.5324   -3.5876   -3.5876
  561.0000   -0.3352   -0.3352   -3.8883   -3.8883
  562.0000   -0.3927   -0.3927   -3.8556   -3.8556
  563.0000   -0.5925   -0.5925   -3.3848   -3.3848
  564.0000   -0.4410   -0.4410   -2.7499   -2.7499
  565.0000   -0.1687   -0.1687   -2.1531   -2.1531
  566.0000   -0.1167   -0.1167   -1.8564   -1.8564
  567.0000   -0.0637   -0.0637   -1.7225   -1.7225
  568.0000    0.0810    0.0810   -1.6234   -1.6234
  569.0000    0.3959    0.3959   -1.6991   -1.6991
  570.0000    1.0308    1.0308   -1.8018   -1.8018
  571.0000    1.7124    1.7124   -1.6350   -1.6350
  572.0000    2.1089    2.1089   -1.4113   -1.4113
  573.0000    2.1013    2.1013   -1.2200   -1.2200
  574.0000    1.9152    1.9152   -0.5801   -0.5801
  575.0000    1.7014    1.7014    0.1273    0.1273
  576.0000    1.1778    1.1778    0.7301    0.7301
  577.0000    0.7037    0.7037    0.7164    0.7164
  578.0000    0.3977    0.3977    0.5017    0.5017
  579.0000    0.2740    0.2740    0.4569    0.4569
  580.0000    0.3578    0.3578    0.4508    0.4508
  581.0000    0.4617    0.4295    0.3368    0.3192
  582.0000    0.4190    0.4190    0.2102    0.2102
  583.0000    0.3455    0.3455    0.2903    0.2903
  584.0000    0.3481    0.3481    0.4720    0.4720
  585.0000    0.5609    0.5201    0.7097    0.5856
  586.0000    0.7623    0.7623    0.6093    0.6093
  587.0000    0.9389    0.9389    0.6239    0.6239
  588.0000    0.9865    0.9865    0.7750    0.7750
  589.0000    0.9362    0.9362    0.7273    0.7273
  590.0000    0.7334    0.7334    0.6263    0.6263
  591.0000    0.5297    0.5297    0.5333    0.5333
  592.0000    0.5407    0.5407    0.5349    0.5349
  593.0000    0.4831    0.4831    0.5059    0.5059
  594.0000    0.0984    0.0984    0.2583    0.2583
  595.0000   -0.3295   -0.3295   -0.2633   -0.2633
  596.0000   -0.3086   -0.3086   -0.6705   -0.6705
  597.0000   -0.0629   -0.0629   -0.8636   -0.8636
  598.0000    0.3335    0.3335   -0.5907   -0.5907
  599.0000    0.5798    0.5798   -0.0172   -0.0172
  600.0000    0.4335    0.4335    0.5357    0.5357
  601.0000    0.0782    0.0782    0.7799    0.7799
  602.0000   -0.3349   -0.3349    1.0426    1.0426
  603.0000   -0.8233   -0.8233    1.1318    1.1318
  604.0000   -1.3006   -1.3006    1.0839    1.0839
  605.0000   -1.7362   -1.7362    0.8839    0.8839
  606.0000   -2.0352   -2.0352    0.6649    0.6649
  607.0000   -1.9440   -1.9440    0.4392    0.4392
  608.0000   -1.5644   -1.5644    0.1387    0.1387
  609.0000   -1.2308   -1.2308   -0.2607   -0.2607
  610.0000   -0.9515   -0.9515   -0.4596   -0.4596
  611.0000   -0.7894   -0.7894   -0.5964   -0.5964
  612.0000   -0.7312   -0.7312   -0.3370   -0.3370
  613.0000   -0.4071   -0.4071    0.3214    0.3214
  614.0000    0.2197    0.2197    1.0608    1.0608
  615.0000    0.7020    0.7020    1.5930    1.5930
  616.0000    1.0597    1.0597    1.9365    1.9365
  617.0000    0.8610    0.8610    2.0065    2.0065
  618.0000    0.4258    0.4258    1.8590    1.8590
  619.0000    0.1917    0.1917    1.4766    1.4766
  620.0000   -0.0549   -0.0549    1.2311    1.2311
  621.0000   -0.0570   -0.0570    1.1986    1.1986
  622.0000    0.2823    0.2823    1.2940    1.2940
  623.0000    0.7387    0.7387    1.2842    1.2842
  624.0000    0.9125    0.9125    1.1168    1.1168
  625.0000    0.7206    0.7206    0.7441    0.7441
  626.0000    0.3041    0.3041    0.4718    0.4718
  627.0000   -0.0180   -0.0180    0.4399    0.4399
  628.0000   -0.2276   -0.2276    0.5698    0.5698
  629.0000   -0.5779   -0.5779    0.8799    0.8799
  630.0000   -0.7029   -0.7029    0.8958    0.8958
  631.0000   -0.8198   -0.8198    0.6758    0.6758
  632.0000   -0.8353   -0.8353    0.3272    0.3272
  633.0000   -0.8806   -0.8806    0.2101    0.2101
  634.0000   -0.9896   -0.9896    0.2632    0.2632
  635.0000   -1.1467   -1.1467    0.1350    0.1350
  636.0000   -1.3866   -1.3866    0.1676    0.1676
  637.0000   -1.2969   -1.2969    0.0947    0.0947
  638.0000   -0.9478   -0.9478   -0.1179   -0.1179
  639.0000   -0.9150   -0.9150   -0.3129   -0.3129
  640.0000   -1.2723   -1.2723   -0.4980   -0.4980
  641.0000   -1.6393   -1.6393   -0.7898   -0.7898
  642.0000   -1.8327   -1.8327   -1.0151   -1.0151
  643.0000   -2.1108   -2.1108   -1.1017   -1.1017
  644.0000   -2.3194   -2.3394   -0.8680   -0.9898
  645.0000   -2.2972   -2.4351   -0.8103   -0.7732
  646.0000   -2.3632   -2.3632   -0.5890   -0.5890
  647.0000   -2.1256   -2.1256   -0.5286   -0.5286
  648.0000   -1.7964   -1.8518   -0.6402   -0.5336
  649.0000   -1.6347   -1.6347   -0.6331   -0.6331
  650.0000   -1.5386   -1.5386   -0.8228   -0.8228
  651.0000   -1.4076   -1.4076   -0.8712   -0.8712
  652.0000   -0.7355   -0.7355   -0.7068   -0.7068
  653.0000   -0.1211   -0.1211   -0.5622   -0.5622
  654.0000    0.1983    0.1983   -0.7179   -0.7179
  655.0000    0.1064    0.1064   -0.8351   -0.8351
  656.0000   -0.1406   -0.1406   -0.6622   -0.6622
  657.0000   -0.2446   -0.2446   -0.4028   -0.4028
  658.0000   -0.3301   -0.3301   -0.2632   -0.2632
  659.0000   -0.4254   -0.4254   -0.0354   -0.0354
  660.0000   -0.3317   -0.3317    0.0227    0.0227
  661.0000   -0.0904   -0.0904    0.0240    0.0240
  662.0000   -0.0908   -0.0908    0.1944    0.1944
  663.0000   -0.2263   -0.2263    0.4660    0.4660
  664.0000   -0.6778   -0.6778    0.7625    0.7625
  665.0000   -1.1927   -1.1927    0.8613    0.8613
  666.0000   -1.2380   -1.2380    0.6701    0.6701
  667.0000   -0.8927   -0.8927    0.4802    0.4802
  668.0000   -0.5093   -0.5093    0.3991    0.3991
  669.0000    0.0824    0.0824    0.5877    0.5877
  670.0000    0.7064    0.7064    0.7251    0.7251
  671.0000    1.2294    1.2294    0.8642    0.8642
  672.0000    1.6006    1.6006    0.7498    0.7498
  673.0000    1.7768    1.7768    0.2471    0.2471
  674.0000    1.7608    1.7608   -0.1584   -0.1584
  675.0000    1.4769    1.4769   -0.4255   -0.4255
  676.0000    0.9792    0.9792   -0.6487   -0.6487
  677.0000    0.4920    0.4920   -0.4891   -0.4891
  678.0000    0.2444    0.2444   -0.2999   -0.2999
  679.0000    0.1219    0.1219   -0.2117   -0.2117
  680.0000    0.1111    0.1111   -0.0187   -0.0187
  681.0000    0.0623    0.0623    0.2319    0.2319
  682.0000   -0.0937   -0.0937    0.3550    0.3550
  683.0000   -0.2299   -0.2299    0.5474    0.5474
  684.0000   -0.2251   -0.2251    0.6231    0.6231
  685.0000   -0.2470   -0.2203    0.0820    0.2146
  686.0000   -0.2154   -0.2154   -0.2908   -0.2908
  687.0000   -0.1488   -0.1488   -0.4661   -0.4661
  688.0000    0.0647    0.0647   -0.4852   -0.4852
  689.0000    0.3363    0.3363   -0.4200   -0.4200
  690.0000    0.1813    0.1813   -0.2760   -0.2760
  691.0000    0.0488    0.0488   -0.2054   -0.2054
  692.0000    0.0812    0.0812   -0.4629   -0.4629
  693.0000    0.4112    0.4112   -0.7076   -0.7076
  694.0000    0.8311    0.8311   -0.9806   -0.9806
  695.0000    1.1989    1.1729   -1.1495   -1.1127
  696.0000    1.4045    1.4045   -1.1531   -1.1531
  697.0000    1.4787    1.4787   -1.2128   -1.2128
  698.0000    1.3747    1.3747   -1.3064   -1.3064
  699.0000    1.5402    1.5402   -1.4167   -1.4167
  700.0000    1.6740    1.6740   -1.5566   -1.5566
  701.0000    1.6571    1.6571   -1.5904   -1.5904
  702.0000    1.6679    1.6679   -1.6948   -1.6948
  703.0000    1.5171    1.5171   -2.1690   -2.1690
  704.0000    1.4780    1.4780   -2.7217   -2.7217
  705.0000    1.3315    1.3315   -3.0133   -3.0133
  706.0000    1.3104    1.3104   -2.8145   -2.8145
  707.0000    1.2537    1.2537   -2.0370   -2.0370
  708.0000    1.1429    1.1429   -1.3118   -1.3118
  709.0000    0.7948    0.7948   -0.7025   -0.7025
  710.0000    0.2580    0.2580   -0.2671   -0.2671
  711.0000   -0.0398   -0.0398   -0.0315   -0.0315
  712.0000   -0.2262   -0.2262   -0.0782   -0.0782
  713.0000   -0.5778   -0.5778   -0.1064   -0.1064
  714.0000   -0.7549   -0.7549   -0.0252   -0.0252
  715.0000   -0.7765   -0.7765    0.1737    0.1737
  716.0000   -0.7035   -0.7035    0.4348    0.4348
  717.0000   -0.6359   -0.6359    0.4687    0.4687
  718.0000   -0.6425   -0.6425    0.5209    0.5209
  719.0000   -0.5626   -0.5626    0.7065    0.7065
  720.0000   -0.3928   -0.3928    0.5627    0.5627
  721.0000   -0.5052   -0.5052    0.5370    0.5370
  722.0000   -0.5989   -0.5989    0.5445    0.5445
  723.0000   -0.6090   -0.6090    0.4190    0.4190
  724.0000   -0.5509   -0.5509    0.0756    0.0756
  725.0000   -0.6712   -0.6712   -0.0168   -0.0168
  726.0000   -0.9266   -0.9266    0.2141    0.2141
  727.0000   -1.1170   -1.1170    0.2032    0.2032
  728.0000   -1.1350   -1.1350    0.2853    0.2853
  729.0000   -1.1657   -1.1657    0.1857    0.1857
  730.0000   -1.0752   -1.0752    0.0962    0.0962
  731.0000   -0.9610   -0.9140    0.0865    0.2426
  732.0000   -0.7896   -0.7896    0.5559    0.5559
  733.0000   -0.8370   -0.8370    0.8725    0.8725
  734.0000   -1.1054   -1.1054    1.0250    1.0250
  735.0000   -1.1216   -1.1216    1.1557    1.1557
  736.0000   -1.2162   -1.2162    1.1758    1.1758
  737.0000   -1.1851   -1.1851    0.9134    0.9134
  738.0000   -0.8176   -0.9292    0.5375    0.5170
  739.0000   -0.4387   -0.6616    0.0410    0.0799
  740.0000   -0.6559   -0.6559   -0.3421   -0.3421
  741.0000   -0.9497   -0.9497   -0.6535   -0.6535
  742.0000   -0.8956   -0.8956   -0.6653   -0.6653
  743.0000   -0.6273   -0.6198   -0.3701   -0.4210
  744.0000   -0.3878   -0.3878   -0.0718   -0.0718
  745.0000   -0.3398   -0.3398    0.2608    0.2608
  746.0000   -0.3002   -0.3002    0.6347    0.6347
  747.0000   -0.2638   -0.2638    1.1049    1.1049
  748.0000   -0.1975   -0.2901    1.4029    1.3736
  749.0000   -0.2017   -0.2732    1.5335    1.4090
  750.0000   -0.0628   -0.0628    1.2744    1.2744
  751.0000    0.3715    0.3715    1.1157    1.1157
  752.0000    0.6328    0.6328    1.2440    1.2440
  753.0000    0.5502    0.5502    1.4010    1.4010
  754.0000    0.5027    0.5027    1.2604    1.2604
  755.0000    0.5861    0.5861    0.9152    0.9152
  756.0000    0.5232    0.5232    0.6616    0.6616
  757.0000    0.5699    0.5699    0.3547    0.3547
  758.0000    1.0082    1.0082    0.3623    0.3623
  759.0000    1.5423    1.5423    0.7088    0.7088
  760.0000    1.9225    1.9225    1.0993    1.0993
  761.0000    2.0694    2.0523    0.8942    1.0089
  762.0000    1.9478    1.9478    0.5840    0.5840
  763.0000    1.6147    1.6147    0.1301    0.1301
  764.0000    1.0727    1.0727   -0.2381   -0.2381
  765.0000    0.7067    0.7067   -0.6461   -0.6461
  766.0000    0.3977    0.3977   -1.0773   -1.0773
  767.0000    0.2168    0.2168   -1.2147   -1.2147
  768.0000    0.2025    0.3161   -1.2555   -1.1482
  769.0000    0.7562    0.7562   -0.9159   -0.9159
  770.0000    1.4492    1.4492   -0.5830   -0.5830
  771.0000    1.9191    1.9191   -0.3825   -0.3825
  772.0000    1.9745    1.9745   -0.1557   -0.1557
  773.0000    1.5739    1.5739    0.1131    0.1131
  774.0000    1.1852    1.1852    0.2585    0.2585
  775.0000    0.9195    0.9195    0.1574    0.1574
  776.0000    0.7630    0.7630    0.1973    0.1973
  777.0000    0.7269    0.7269    0.3797    0.3797
  778.0000    0.5067    0.5067    0.5442    0.5442
  779.0000    0.2130    0.2130    0.6779    0.6779
  780.0000   -0.1513   -0.1513    0.9565    0.9565
  781.0000   -0.4579   -0.4579    1.0091    1.0091
  782.0000   -0.8185   -0.8185    0.7017    0.7017
  783.0000   -1.1344   -1.1344    0.2613    0.2613
  784.0000   -1.3364   -1.3364    0.0406    0.0406
  785.0000   -1.1414   -1.1414   -0.1076   -0.1076
  786.0000   -0.9302   -0.9302   -0.1037   -0.1037
  787.0000   -1.0067   -1.0067    0.0933    0.0933
  788.0000   -1.0077   -1.0077    0.3735    0.3735
  789.0000   -1.0419   -1.0419    0.7149    0.7149
  790.0000   -1.1576   -1.1576    0.9361    0.9361
  791.0000   -1.1826   -1.1826    0.8853    0.8853
  792.0000   -0.9301   -1.0640    1.0449    0.9770
  793.0000   -0.7649   -0.8653    1.1136    1.1074
  794.0000   -0.6688   -0.6688    0.9944    0.9944
  795.0000   -0.5069   -0.5069    0.5405    0.5405
  796.0000   -0.2219   -0.2219    0.1302    0.1302
  797.0000    0.2408    0.2408   -0.3741   -0.3741
  798.0000    0.6377    0.6377   -0.4148   -0.4148
  799.0000    1.0744    1.0922   -0.1790   -0.1850
  800.0000    1.4724    1.4724    0.1205    0.1205
  801.0000    1.5679    1.5679    0.3424    0.3424
  802.0000    1.2677    1.2677    0.3419    0.3419
  803.0000    0.6234    0.6234    0.4725    0.4725
  804.0000   -0.0276   -0.0276    0.7269    0.7269
  805.0000   -0.5089   -0.5089    0.7909    0.7909
  806.0000   -0.6888   -0.6888    0.6485    0.6485
  807.0000   -0.6798   -0.6798    0.3803    0.3803
  808.0000   -0.4862   -0.4862   -0.0846   -0.0846
  809.0000   -0.0176   -0.0176   -0.7248   -0.7248
  810.0000    0.4440    0.4440   -1.3519   -1.3519
  811.0000    0.7222    0.7222   -1.6633   -1.6633
  812.0000    0.7294    0.7294   -1.7454   -1.7454
  813.0000    0.6049    0.6049   -1.8488   -1.8488
  814.0000    0.5616    0.5616   -1.6223   -1.6223
  815.0000    1.0637    1.0637   -1.4608   -1.4608
  816.0000    1.4745    1.4745   -1.4283   -1.4283
  817.0000    1.8906    1.8906   -1.5849   -1.5849
  818.0000    2.2922    2.2922   -1.6883   -1.6883
  819.0000    2.6514    2.6514   -1.8115   -1.8115
  820.0000    2.6968    2.6968   -1.5902   -1.5902
  821.0000    2.1342    2.1342   -1.2069   -1.2069
  822.0000    1.5609    1.5609   -0.7983   -0.7983
  823.0000    1.2023    1.2023   -0.7376   -0.7376
  824.0000    0.9316    0.9316   -0.8434   -0.8434
  825.0000    0.6238    0.6238   -0.9851   -0.9851
  826.0000    0.4648    0.4648   -1.1316   -1.1316
  827.0000    0.4765    0.4765   -1.2386   -1.2386
  828.0000    0.4685    0.4685   -1.4703   -1.4703
  829.0000    0.4753    0.4753   -1.4562   -1.4562
  830.0000    0.4499    0.4499   -1.2069   -1.2069
  831.0000    0.5095    0.5095   -0.7810   -0.7810
  832.0000    0.2125    0.2125   -0.1720   -0.1720
  833.0000   -0.4319   -0.4319    0.0653    0.0653
  834.0000   -0.9252   -0.9252    0.2456    0.2456
  835.0000   -0.9140   -0.9140    0.6456    0.6456
  836.0000   -0.5853   -0.5853    0.8400    0.8400
  837.0000   -0.3477   -0.3477    0.8589    0.8589
  838.0000   -0.3449   -0.3449    0.8213    0.8213
  839.0000   -0.2981   -0.2981    0.8088    0.8088
  840.0000   -0.2891   -0.2891    0.9246    0.9246
  841.0000   -0.1306   -0.1306    0.7208    0.7208
  842.0000   -0.0480   -0.0480    0.4603    0.4603
  843.0000   -0.0535   -0.0535    0.4218    0.4218
  844.0000   -0.1536   -0.1536    0.4385    0.4385
  845.0000   -0.5150   -0.4945    0.4809    0.4487
  846.0000   -0.7891   -0.7891    0.4754    0.4754
  847.0000   -0.7082   -0.7082    0.6846    0.6846
  848.0000   -0.3413   -0.3413    1.4054    1.4054
  849.0000   -0.0416   -0.0416    1.8186    1.8186
  850.0000    0.2673    0.2673    1.6334    1.6334
  851.0000    0.2449    0.2449    0.9022    0.9022
  852.0000    0.0682    0.0682    0.0436    0.0436
  853.0000   -0.2995   -0.2995   -0.5479   -0.5479
  854.0000   -0.4195   -0.4195   -0.7915   -0.7915
  855.0000   -0.4452   -0.4452   -0.6351   -0.6351
  856.0000   -0.7786   -0.7786   -0.3793   -0.3793
  857.0000   -1.3491   -1.3491   -0.2099   -0.2099
  858.0000   -1.8589   -1.8589   -0.2128   -0.2128
  859.0000   -2.0782   -2.0782   -0.3457   -0.3457
  860.0000   -1.9310   -1.9310   -0.2581   -0.2581
  861.0000   -1.6841   -1.6841   -0.2330   -0.2330
  862.0000   -1.3607   -1.3607   -0.0768   -0.0768
  863.0000   -1.1909   -1.1909    0.6085    0.6085
  864.0000   -0.9819   -0.9819    1.1870    1.1870
  865.0000   -0.7264   -0.7264    1.5960    1.5960
  866.0000   -0.6719   -0.6719    1.8134    1.8134
  867.0000   -1.3527   -1.3527    2.0865    2.0865
  868.0000   -2.0054   -2.0054    2.4355    2.4355
  869.0000   -2.4474   -2.4474    2.5032    2.5032
  870.0000   -2.6436   -2.6436    2.2865    2.2865
  871.0000   -2.2973   -2.2973    1.8551    1.8551
  872.0000   -1.6084   -1.7300    1.4940    1.3866
  873.0000   -1.0268   -1.1694    0.9717    0.8980
  874.0000   -0.7689   -0.7689    0.3545    0.3545
  875.0000   -0.6204   -0.6204   -0.1902   -0.1902
  876.0000   -0.6089   -0.6089   -0.4718   -0.4718
  877.0000   -0.6739   -0.6739   -0.6311   -0.6311
  878.0000   -0.7346   -0.7346   -0.7155   -0.7155
  879.0000   -0.9116   -0.9116   -0.9173   -0.9173
  880.0000   -0.9905   -0.9905   -1.1226   -1.1226
  881.0000   -1.2597   -1.2597   -1.2698   -1.2698
  882.0000   -1.1251   -1.1251   -1.5336   -1.5336
  883.0000   -0.3591   -0.3591   -1.7056   -1.7056
  884.0000    0.4983    0.4983   -1.8088   -1.8088
  885.0000    1.1106    1.1106   -1.7728   -1.7728
  886.0000    1.4844    1.4844   -1.8563   -1.8563
  887.0000    1.4677    1.4677   -1.8584   -1.8584
  888.0000    1.3223    1.3223   -1.8509   -1.8509
  889.0000    1.3009    1.3009   -2.0484   -2.0484
  890.0000    0.8513    0.8513   -1.8796   -1.8796
  891.0000    0.1406    0.1406   -1.6604   -1.6604
  892.0000   -0.0969   -0.0969   -1.5904   -1.5904
  893.0000   -0.0263   -0.0263   -1.7599   -1.7599
  894.0000    0.1776    0.1776   -1.8855   -1.8855
  895.0000    0.3392    0.3392   -1.5844   -1.5844
  896.0000    0.1846    0.1846   -1.2944   -1.2944
  897.0000    0.0723    0.0723   -1.0026   -1.0026
  898.0000    0.0392    0.0392   -0.9606   -0.9606
  899.0000    0.1793    0.1793   -0.7690   -0.7690
  900.0000    0.1721    0.1721   -0.6846   -0.6846
  901.0000    0.0666    0.0666   -0.7332   -0.7332
  902.0000    0.1199    0.1199   -0.6233   -0.6233
  903.0000    0.1435    0.1435   -0.7212   -0.7212
  904.0000    0.3611    0.3611   -0.8074   -0.8074
  905.0000    0.6779    0.6779   -0.7426   -0.7426
  906.0000    1.1937    1.1397   -0.5581   -0.4723
  907.0000    1.6515    1.6515   -0.0342   -0.0342
  908.0000    2.0344    2.0344    0.4259    0.4259
  909.0000    2.0537    2.0537    0.6337    0.6337
  910.0000    1.7308    1.7308    0.8851    0.8851
  911.0000    1.3094    1.3094    1.0465    1.0465
  912.0000    0.7984    0.7984    0.9995    0.9995
  913.0000    0.3880    0.3880    0.6492    0.6492
  914.0000    0.1708    0.1708    0.2455    0.2455
  915.0000   -0.0474   -0.0474    0.1003    0.1003
  916.0000   -0.1918   -0.1918   -0.1654   -0.1654
  917.0000   -0.3485   -0.3485   -0.4098   -0.4098
  918.0000   -0.7592   -0.7592   -0.4016   -0.4016
  919.0000   -1.0478   -1.0478   -0.2270   -0.2270
  920.0000   -0.9930   -0.9930    0.2253    0.2253
  921.0000   -0.8567   -0.8567    0.9270    0.9270
  922.0000   -0.5866   -0.5866    1.4979    1.4979
  923.0000   -0.2234   -0.2234    1.6970    1.6970
  924.0000    0.1538    0.1538    1.6371    1.6371
  925.0000    0.5975    0.5975    1.4863    1.4863
  926.0000    0.9484    0.9484    1.3545    1.3545
  927.0000    0.9669    0.9669    1.1559    1.1559
  928.0000    0.7457    0.7457    1.0543    1.0543
  929.0000    0.4384    0.4384    0.9321    0.9321
  930.0000    0.2554    0.2554    0.8045    0.8045
  931.0000   -0.1190   -0.1190    0.5336    0.5336
  932.0000   -0.5618   -0.5618    0.1413    0.1413
  933.0000   -0.8635   -0.8635   -0.3748   -0.3748
  934.0000   -0.8658   -0.8658   -0.7074   -0.7074
  935.0000   -0.9625   -0.9007   -0.7071   -0.6876
  936.0000   -0.9197   -0.9197   -0.4111   -0.4111
  937.0000   -0.7677   -0.7677   -0.0780   -0.0780
  938.0000   -0.4653   -0.4653    0.0251    0.0251
  939.0000   -0.1671   -0.1671    0.0142    0.0142
  940.0000    0.2762    0.2762    0.0882    0.0882
  941.0000    0.7575    0.7575    0.3422    0.3422
  942.0000    1.1714    1.1714    0.7422    0.7422
  943.0000    1.2577    1.2577    0.9791    0.9791
  944.0000    1.1106    1.1143    0.7300    0.6647
  945.0000    0.9012    0.9012    0.2335    0.2335
  946.0000    0.7110    0.7110    0.1383    0.1383
  947.0000    0.2725    0.4656    0.1514    0.1625
  948.0000    0.2248    0.2248    0.4666    0.4666
  949.0000    0.0248    0.0248    1.1306    1.1306
  950.0000   -0.2820   -0.2820    1.5622    1.5622
  951.0000   -0.5025   -0.5025    1.8320    1.8320
  952.0000   -0.4791   -0.4791    2.0138    2.0138
  953.0000   -0.4929   -0.4929    1.8644    1.8644
  954.0000   -0.4812   -0.4812    1.4129    1.4129
  955.0000   -0.4103   -0.4103    0.9383    0.9383
  956.0000   -0.2945   -0.2945    0.7150    0.7150
  957.0000   -0.4232   -0.4232    0.8095    0.8095
  958.0000   -0.4615   -0.4615    1.0374    1.0374
  959.0000   -0.3599   -0.3599    1.2085    1.2085
  960.0000   -0.1276   -0.1276    1.0919    1.0919
  961.0000    0.1985    0.1985    1.0368    1.0368
  962.0000    0.4616    0.4616    0.6832    0.6832
  963.0000    0.6778    0.6778    0.4712    0.4712
  964.0000    0.7404    0.7404    0.6192    0.6192
  965.0000    0.6794    0.6794    0.6958    0.6958
  966.0000    0.7838    0.7838    0.7783    0.7783
  967.0000    0.8238    0.8238    1.0637    1.0637
  968.0000    0.4489    0.4489    1.3153    1.3153
  969.0000   -0.0179   -0.0179    1.5925    1.5925
  970.0000   -0.2284   -0.2284    1.9794    1.9794
  971.0000   -0.4100   -0.4100    2.0300    2.0300
  972.0000   -0.5929   -0.5929    1.4982    1.4982
  973.0000   -0.7207   -0.7207    0.6505    0.6505
  974.0000   -0.8423   -0.8423    0.0139    0.0139
  975.0000   -0.5293   -0.5293   -0.1916   -0.1916
  976.0000   -0.1090   -0.1090   -0.4083   -0.4083
  977.0000    0.0850    0.0850   -0.6185   -0.6185
  978.0000    0.5147    0.5147   -1.0802   -1.0802
  979.0000    1.1069    1.1069   -1.3427   -1.3427
  980.0000    1.6330    1.6330   -1.2564   -1.2564
  981.0000    1.8344    1.8344   -0.9581   -0.9581
  982.0000    1.6958    1.6958   -0.6633   -0.6633
  983.0000    1.4348    1.4348   -0.4012   -0.4012
  984.0000    1.1609    1.1609   -0.2947   -0.2947
  985.0000    0.9280    0.9280   -0.5563   -0.5563
  986.0000    0.8218    0.8218   -0.8399   -0.8399
  987.0000    0.9551    0.9551   -1.1192   -1.1192
  988.0000    1.5576    1.5576   -1.0324   -1.0324
  989.0000    2.0959    2.0959   -0.8417   -0.8417
  990.0000    2.3647    2.3647   -0.3794   -0.3794
  991.0000    2.4263    2.4263    0.0373    0.0373
  992.0000    1.9835    1.9835    0.3693    0.3693
  993.0000    1.1747    1.1747    0.4827    0.4827
  994.0000    0.4603    0.4603    0.5872    0.5872
  995.0000   -0.1049   -0.1049    0.6707    0.6707
  996.0000   -0.5055   -0.5055    0.7209    0.7209
  997.0000   -0.8658   -0.8658    0.7482    0.7482
  998.0000   -0.9817   -0.9817    0.6378    0.6378
  999.0000   -0.6305   -0.6305    0.5757    0.5757
 1000.0000   -0.2594   -0.2594    0.3734    0.3734
 1001.0000   -0.1632   -0.1632    0.3046    0.3046
 1002.0000   -0.4620   -0.4620    0.2020    0.2020
 1003.0000   -0.7366   -0.7366    0.0466    0.0466
 1004.0000   -0.9782   -0.9782   -0.1397   -0.1397
 1005.0000   -1.0563   -1.0563   -0.3726   -0.3726
 1006.0000   -1.0350   -1.0350   -0.4981   -0.4981
 1007.0000   -1.0242   -1.0242   -0.3917   -0.3917
 1008.0000   -0.8852   -0.8852   -0.1854   -0.1854
 1009.0000   -0.7536   -0.7536    0.1479    0.1479
 1010.0000   -0.4933   -0.5483    0.3559    0.3444
 1011.0000   -0.4164   -0.4164    0.4089    0.4089
 1012.0000   -0.4732   -0.4732    0.3998    0.3998
 1013.0000   -0.5120   -0.5120    0.2866    0.2866
 1014.0000   -0.5655   -0.5655    0.2712    0.2712
 1015.0000   -0.3635   -0.3635    0.3471    0.3471
 1016.0000   -0.4610   -0.4610    0.3702    0.3702
 1017.0000   -0.6828   -0.6828    0.3684    0.3684
 1018.0000   -1.1351   -1.1351    0.2116    0.2116
 1019.0000   -1.5978   -1.5978    0.3161    0.3161
 1020.0000   -1.5888   -1.5888    0.2272    0.2272
 1021.0000   -1.3855   -1.3855    0.1727    0.1727
 1022.0000   -1.0922   -1.0922    0.1829    0.1829
 1023.0000   -0.5502   -0.5502   -0.0445   -0.0445
