LVisual1 
1 0 0 153 255
LVisual2 
2 0 0 153 255
LVisual3 
3 0 0 153 255
LVisual4 
4 0 0 153 255
LVisual6 
5 0 0 153 255
LVisual7 
6 0 0 153 255
LVisual8 
7 0 0 153 255
LVisual9 
8 0 0 153 255
LVisual10 
9 0 0 153 255
LVisual11 
10 0 0 153 255
LVisual12 
11 0 0 153 255
LVisual13 
12 0 0 153 255
LVisual14 
13 0 0 153 255
LVisual15 
14 0 0 153 255
LVisual16 
15 0 0 153 255
LVisual17 
16 0 0 153 255
LVisual18 
17 0 0 153 255
RVisual1 
1001 0 0 153 255
RVisual2 
1002 0 0 153 255
RVisual3 
1003 0 0 153 255
RVisual4 
1004 0 0 153 255
RVisual6 
1005 0 0 153 255
RVisual7 
1006 0 0 153 255
RVisual8 
1007 0 0 153 255
RVisual9 
1008 0 0 153 255
RVisual10 
1009 0 0 153 255
RVisual11 
1010 0 0 153 255
RVisual12 
1011 0 0 153 255
RVisual13 
1012 0 0 153 255
RVisual14 
1013 0 0 153 255
RVisual15 
1014 0 0 153 255
RVisual16 
1015 0 0 153 255
RVisual17 
1016 0 0 153 255
RVisual18 
1017 0 0 153 255
LRetrosplenialTemporal1 
39 255 255 204 255
LRetrosplenialTemporal2 
40 255 255 204 255
LRetrosplenialTemporal3 
41 255 255 204 255
LRetrosplenialTemporal4 
42 255 255 204 255
RRetrosplenialTemporal1 
1039 255 255 204 255
RRetrosplenialTemporal2 
1040 255 255 204 255
RRetrosplenialTemporal3 
1041 255 255 204 255
RRetrosplenialTemporal4 
1042 255 255 204 255
LSMhand1 
46 51 255 255 255
LSMhand2 
47 51 255 255 255
LSMhand3 
48 51 255 255 255
LSMhand4 
49 51 255 255 255
LSMhand5 
50 51 255 255 255
LSMhand6 
51 51 255 255 255
LSMhand7 
52 51 255 255 255
LSMhand8 
53 51 255 255 255
LSMhand9 
54 51 255 255 255
LSMhand10 
55 51 255 255 255
LSMhand11 
56 51 255 255 255
LSMhand12 
57 51 255 255 255
LSMhand13 
58 51 255 255 255
LSMhand14 
59 51 255 255 255
LSMhand15 
60 51 255 255 255
LSMhand16 
61 51 255 255 255
LSMhand17 
62 51 255 255 255
LSMhand18 
63 51 255 255 255
RSMhand1 
1046 51 255 255 255
RSMhand2 
1047 51 255 255 255
RSMhand3 
1048 51 255 255 255
RSMhand4 
1049 51 255 255 255
RSMhand5 
1050 51 255 255 255
RSMhand6 
1051 51 255 255 255
RSMhand7 
1052 51 255 255 255
RSMhand8 
1053 51 255 255 255
RSMhand9 
1054 51 255 255 255
RSMhand10 
1055 51 255 255 255
RSMhand11 
1056 51 255 255 255
RSMhand12 
1057 51 255 255 255
RSMhand13 
1058 51 255 255 255
RSMhand14 
1059 51 255 255 255
RSMhand15 
1060 51 255 255 255
RSMhand16 
1061 51 255 255 255
RSMhand17 
1062 51 255 255 255
RSMhand18 
1063 51 255 255 255
LSMmouth1 
83 255 128 0 255
LSMmouth2 
84 255 128 0 255
LSMmouth3 
85 255 128 0 255
LSMmouth4 
86 255 128 0 255
RSMmouth1 
1083 255 128 0 255
RSMmouth2 
1084 255 128 0 255
RSMmouth3 
1085 255 128 0 255
RSMmouth4 
1086 255 128 0 255
LAuditory1 
91 153 51 255 255
LAuditory2 
92 153 51 255 255
LAuditory3 
93 153 51 255 255
LAuditory4 
94 153 51 255 255
LAuditory5 
95 153 51 255 255
LAuditory6 
96 153 51 255 255
LAuditory7 
97 153 51 255 255
LAuditory8 
98 153 51 255 255
LAuditory9 
99 153 51 255 255
LAuditory10 
100 153 51 255 255
LAuditory11 
101 153 51 255 255
LAuditory12 
102 153 51 255 255
RAuditory1 
1091 153 51 255 255
RAuditory2 
1092 153 51 255 255
RAuditory3 
1093 153 51 255 255
RAuditory4 
1094 153 51 255 255
RAuditory5 
1095 153 51 255 255
RAuditory6 
1096 153 51 255 255
RAuditory7 
1097 153 51 255 255
RAuditory8 
1098 153 51 255 255
RAuditory9 
1099 153 51 255 255
RAuditory10 
1100 153 51 255 255
RAuditory11 
1101 153 51 255 255
RAuditory12 
1102 153 51 255 255
LCinguloOperc1 
114 77 0 153 255
LCinguloOperc2 
115 77 0 153 255
LCinguloOperc3 
116 77 0 153 255
LCinguloOperc4 
117 77 0 153 255
LCinguloOperc5 
118 77 0 153 255
LCinguloOperc6 
119 77 0 153 255
LCinguloOperc7 
120 77 0 153 255
LCinguloOperc8 
121 77 0 153 255
LCinguloOperc9 
122 77 0 153 255
LCinguloOperc10 
123 77 0 153 255
LCinguloOperc11 
124 77 0 153 255
LCinguloOperc13 
125 77 0 153 255
LCinguloOperc14 
126 77 0 153 255
LCinguloOperc15 
127 77 0 153 255
LCinguloOperc16 
128 77 0 153 255
LCinguloOperc17 
129 77 0 153 255
LCinguloOperc18 
130 77 0 153 255
LCinguloOperc19 
131 77 0 153 255
LCinguloOperc20 
132 77 0 153 255
RCinguloOperc1 
1114 77 0 153 255
RCinguloOperc2 
1115 77 0 153 255
RCinguloOperc3 
1116 77 0 153 255
RCinguloOperc4 
1117 77 0 153 255
RCinguloOperc5 
1118 77 0 153 255
RCinguloOperc6 
1119 77 0 153 255
RCinguloOperc7 
1120 77 0 153 255
RCinguloOperc8 
1121 77 0 153 255
RCinguloOperc9 
1122 77 0 153 255
RCinguloOperc10 
1123 77 0 153 255
RCinguloOperc11 
1124 77 0 153 255
RCinguloOperc13 
1125 77 0 153 255
RCinguloOperc14 
1126 77 0 153 255
RCinguloOperc15 
1127 77 0 153 255
RCinguloOperc16 
1128 77 0 153 255
RCinguloOperc17 
1129 77 0 153 255
RCinguloOperc18 
1130 77 0 153 255
RCinguloOperc19 
1131 77 0 153 255
RCinguloOperc20 
1132 77 0 153 255
LVentralAttn1 
153 0 153 153 255
LVentralAttn2 
154 0 153 153 255
LVentralAttn3 
155 0 153 153 255
LVentralAttn4 
156 0 153 153 255
LVentralAttn5 
157 0 153 153 255
LVentralAttn6 
158 0 153 153 255
LVentralAttn7 
159 0 153 153 255
LVentralAttn8 
160 0 153 153 255
LVentralAttn9 
161 0 153 153 255
LVentralAttn10 
162 0 153 153 255
LVentralAttn11 
163 0 153 153 255
RVentralAttn1 
1153 0 153 153 255
RVentralAttn2 
1154 0 153 153 255
RVentralAttn3 
1155 0 153 153 255
RVentralAttn4 
1156 0 153 153 255
RVentralAttn5 
1157 0 153 153 255
RVentralAttn6 
1158 0 153 153 255
RVentralAttn7 
1159 0 153 153 255
RVentralAttn8 
1160 0 153 153 255
RVentralAttn9 
1161 0 153 153 255
RVentralAttn10 
1162 0 153 153 255
RVentralAttn11 
1163 0 153 153 255
LSalience1 
176 0 0 0 255
LSalience2 
177 0 0 0 255
RSalience1 
1176 0 0 0 255
RSalience2 
1177 0 0 0 255
LCinguloParietal1 
180 0 0 255 255
LCinguloParietal2 
181 0 0 255 255
LCinguloParietal3 
182 0 0 255 255
RCinguloParietal1 
1180 0 0 255 255
RCinguloParietal2 
1181 0 0 255 255
RCinguloParietal3 
1182 0 0 255 255
LDorsalAttn1 
185 0 204 0 255
LDorsalAttn2 
186 0 204 0 255
LDorsalAttn3 
187 0 204 0 255
LDorsalAttn4 
188 0 204 0 255
LDorsalAttn5 
189 0 204 0 255
LDorsalAttn6 
190 0 204 0 255
LDorsalAttn7 
191 0 204 0 255
LDorsalAttn8 
192 0 204 0 255
LDorsalAttn9 
193 0 204 0 255
LDorsalAttn10 
194 0 204 0 255
LDorsalAttn11 
195 0 204 0 255
LDorsalAttn12 
196 0 204 0 255
LDorsalAttn13 
197 0 204 0 255
LDorsalAttn14 
198 0 204 0 255
LDorsalAttn15 
199 0 204 0 255
LDorsalAttn16 
200 0 204 0 255
LDorsalAttn17 
201 0 204 0 255
LDorsalAttn18 
202 0 204 0 255
LDorsalAttn19 
203 0 204 0 255
RDorsalAttn1 
1185 0 204 0 255
RDorsalAttn2 
1186 0 204 0 255
RDorsalAttn3 
1187 0 204 0 255
RDorsalAttn4 
1188 0 204 0 255
RDorsalAttn5 
1189 0 204 0 255
RDorsalAttn6 
1190 0 204 0 255
RDorsalAttn7 
1191 0 204 0 255
RDorsalAttn8 
1192 0 204 0 255
RDorsalAttn9 
1193 0 204 0 255
RDorsalAttn10 
1194 0 204 0 255
RDorsalAttn11 
1195 0 204 0 255
RDorsalAttn12 
1196 0 204 0 255
RDorsalAttn13 
1197 0 204 0 255
RDorsalAttn14 
1198 0 204 0 255
RDorsalAttn15 
1199 0 204 0 255
RDorsalAttn16 
1200 0 204 0 255
RDorsalAttn17 
1201 0 204 0 255
RDorsalAttn18 
1202 0 204 0 255
RDorsalAttn19 
1203 0 204 0 255
LFrontoParietal1 
217 255 255 0 255
LFrontoParietal2 
218 255 255 0 255
LFrontoParietal3 
219 255 255 0 255
LFrontoParietal4 
220 255 255 0 255
LFrontoParietal5 
221 255 255 0 255
LFrontoParietal6 
222 255 255 0 255
LFrontoParietal7 
223 255 255 0 255
LFrontoParietal8 
224 255 255 0 255
LFrontoParietal9 
225 255 255 0 255
RFrontoParietal1 
1217 255 255 0 255
RFrontoParietal2 
1218 255 255 0 255
RFrontoParietal3 
1219 255 255 0 255
RFrontoParietal4 
1220 255 255 0 255
RFrontoParietal5 
1221 255 255 0 255
RFrontoParietal6 
1222 255 255 0 255
RFrontoParietal7 
1223 255 255 0 255
RFrontoParietal8 
1224 255 255 0 255
RFrontoParietal9 
1225 255 255 0 255
LDefault1 
241 255 0 0 255
LDefault2 
242 255 0 0 255
LDefault3 
243 255 0 0 255
LDefault4 
244 255 0 0 255
LDefault5 
245 255 0 0 255
LDefault6 
246 255 0 0 255
LDefault7 
247 255 0 0 255
LDefault8 
248 255 0 0 255
LDefault9 
249 255 0 0 255
LDefault10 
250 255 0 0 255
LDefault11 
251 255 0 0 255
LDefault12 
252 255 0 0 255
LDefault13 
253 255 0 0 255
LDefault14 
254 255 0 0 255
LDefault15 
255 255 0 0 255
LDefault16 
256 255 0 0 255
LDefault17 
257 255 0 0 255
LDefault18 
258 255 0 0 255
LDefault19 
259 255 0 0 255
LDefault20 
260 255 0 0 255
RDefault1 
1241 255 0 0 255
RDefault2 
1242 255 0 0 255
RDefault3 
1243 255 0 0 255
RDefault4 
1244 255 0 0 255
RDefault5 
1245 255 0 0 255
RDefault6 
1246 255 0 0 255
RDefault7 
1247 255 0 0 255
RDefault8 
1248 255 0 0 255
RDefault9 
1249 255 0 0 255
RDefault10 
1250 255 0 0 255
RDefault11 
1251 255 0 0 255
RDefault12 
1252 255 0 0 255
RDefault13 
1253 255 0 0 255
RDefault14 
1254 255 0 0 255
RDefault15 
1255 255 0 0 255
RDefault16 
1256 255 0 0 255
RDefault17 
1257 255 0 0 255
RDefault18 
1258 255 0 0 255
RDefault19 
1259 255 0 0 255
RDefault20 
1260 255 0 0 255
LNone1 
281 171 171 171 255
LNone2 
282 171 171 171 255
LNone3 
283 171 171 171 255
LNone4 
284 171 171 171 255
LNone5 
285 171 171 171 255
LNone6 
286 171 171 171 255
LNone7 
287 171 171 171 255
LNone8 
288 171 171 171 255
LNone9 
289 171 171 171 255
LNone10 
290 171 171 171 255
LNone11 
291 171 171 171 255
LNone12 
292 171 171 171 255
LNone13 
293 171 171 171 255
LNone14 
294 171 171 171 255
LNone15 
295 171 171 171 255
LNone16 
296 171 171 171 255
LNone17 
297 171 171 171 255
LNone18 
298 171 171 171 255
LNone19 
299 171 171 171 255
LNone20 
300 171 171 171 255
LNone21 
301 171 171 171 255
RNone1 
1281 171 171 171 255
RNone2 
1282 171 171 171 255
RNone3 
1283 171 171 171 255
RNone4 
1284 171 171 171 255
RNone5 
1285 171 171 171 255
RNone6 
1286 171 171 171 255
RNone7 
1287 171 171 171 255
RNone8 
1288 171 171 171 255
RNone9 
1289 171 171 171 255
RNone10 
1290 171 171 171 255
RNone11 
1291 171 171 171 255
RNone12 
1292 171 171 171 255
RNone13 
1293 171 171 171 255
RNone14 
1294 171 171 171 255
RNone15 
1295 171 171 171 255
RNone16 
1296 171 171 171 255
RNone17 
1297 171 171 171 255
RNone18 
1298 171 171 171 255
RNone19 
1299 171 171 171 255
RNone20 
1300 171 171 171 255
RNone21 
1301 171 171 171 255