RegionID world_x world_y world_z atlas_x atlas_y atlas_z
1 72.6721        38.76      99.9374 -19.3279       -87.24      27.9374
2 76.2694      71.7061      67.5467 -15.7306     -54.2939     -4.45325
3 83.662      48.0236       77.577 -8.338     -77.9764      5.57697
4 75.7012      70.8675      75.1902 -16.2988     -55.1325      3.19024
5 77.8523      81.3552        68.61 -14.1477     -44.6448     -3.39004
6 81.41721      50.88971      101.6059 -10.5828     -75.1103      29.6059
7 56.6306      40.8471       91.549 -35.3694     -85.1529       19.549
8 48.3931       41.404      77.1467 -43.6069      -84.596      5.14669
9 45.5542      61.1029      88.3383 -46.4458     -64.8971      16.3383
10 66.1031      69.0017      63.9694 -25.8969     -56.9983     -8.03062
11 55.8928       65.232      55.2135 -36.1072      -60.768     -16.7865
12 57.1221      87.8886      51.6734 -34.8779     -38.1114     -20.3266
13 89.577      36.4023      92.0448 -2.42297     -89.5977      20.0448
14 84.9117      55.0432      66.9886 -7.08826     -70.9568     -5.01144
15 47.7004      54.2543      67.5679 -44.2996     -71.7457     -4.43212
16 70.1422      28.5542        65.65 -21.8578     -97.4458     -6.34999
17 71.7453      47.0561      58.1672 -20.2547     -78.9439     -13.8328
18 118.9155      42.60723      104.7487 26.9155     -83.3928      32.7487
19 111.6517      86.00748      61.98397 19.6517     -39.9925      -10.016
20 105.1448      51.99621      79.15924 13.1448     -74.0038      7.15924
21 108.9636      80.68129      71.92798 16.9636     -45.3187   -0.0720199
22 106.4968      72.26175      66.97971 14.4968     -53.7382     -5.02029
23 120.3998      69.72401      133.6067 28.3998      -56.276      61.6067
24 109.5036      47.71034      113.3822 17.5036     -78.2897      41.3822
25 100.5655      42.08975      108.7342 8.56547     -83.9103      36.7342
26 130.4213      47.41337      98.21395 38.4213     -78.5866      26.2139
27 128.4145      38.59387      74.68993 36.4145     -87.4061      2.68993
28 140.1662      60.88448      78.74974 48.1662     -65.1155      6.74974
29 142.1357      71.55421      59.24388 50.1357     -54.4458     -12.7561
30 145.6657      70.96423      91.84484 53.6657     -55.0358      19.8448
31 121.4409      80.16452      66.43226 29.4409     -45.8355     -5.56774
32 121.2604      63.68626      61.16535 29.2604     -62.3137     -10.8346
33 127.6136      84.69962      51.21775 35.6136     -41.3004     -20.7823
34 105.3953      29.89958      89.26505 13.3953     -96.1004      17.2651
35 99.6172      56.8767      69.9572 7.61722     -69.1233     -2.04276
36 115.15      41.87753      57.61994 23.15     -84.1225     -14.3801
37 96.7872      52.3199       95.425 4.78725     -73.6801       23.425
38 108.962      60.84096      95.85154 16.962      -65.159      23.8515
39 81.0664      66.9351      89.8843 -10.9336     -59.0649      17.8843
40 81.8677      74.8448      79.0392 -10.1323     -51.1552      7.03923
41 60.6511       96.395      53.0847 -31.3489      -29.605     -18.9153
42 69.652      89.5762      60.6629 -22.348     -36.4238     -11.3371
43 105.0631      72.97887      86.30751 13.0631     -53.0211      14.3075
44 122.6408      92.96727      57.75366 30.6408     -33.0327     -14.2463
45 125.029      101.9141      48.25821 33.029     -24.0859     -23.7418
46 74.02715      75.21692      142.8788 -17.9728     -50.7831      70.8788
47 86.30285      73.73686      125.0782 -5.69715     -52.2631      53.0782
48 74.98507      95.65712      143.3618 -17.0149     -30.3429      71.3618
49 79.19969      100.4156       145.483 -12.8003     -25.5844       73.483
50 85.18638       107.099      144.8081 -6.81362      -18.901      72.8081
51 84.16054      84.57282      141.4486 -7.83946     -41.4272      69.4486
52 88.347      97.24432      132.0539 -3.653     -28.7557      60.0539
53 86.85752      114.4133      122.6657 -5.14248     -11.5867      50.6657
54 55.03202      98.50246      131.8568 -36.968     -27.4975      59.8568
55 54.50419      110.8018      134.4896 -37.4958     -15.1982      62.4896
56 67.50129      100.6879      134.1938 -24.4987     -25.3121      62.1938
57 66.91023      114.1371      140.0113 -25.0898     -11.8629      68.0113
58 75.6458      123.0909      142.0144 -16.3542     -2.90909      70.0144
59 60.71237      79.36218      134.9206 -31.2876     -46.6378      62.9206
60 34.74862      110.8508      114.6623 -57.2514     -15.1492      42.6623
61 54.00568      92.98155      115.6552 -37.9943     -33.0184      43.6552
62 62.75102      89.21749      136.8288 -29.249     -36.7825      64.8288
63 43.69179      97.74931      128.9183 -48.3082     -28.2507      56.9183
64 113.3798       80.4168      141.5413 21.3798     -45.5832      69.5413
65 110.8132      96.04879      143.5732 18.8132     -29.9512      71.5732
66 96.18036      102.5204      136.1157 4.18036     -23.4796      64.1157
67 101.4637      84.76128      140.9569 9.46372     -41.2387      68.9569
68 98.92128        121.83      123.2297 6.92128     -4.16996      51.2297
69 130.1357       108.492      133.8384 38.1357      -17.508      61.8384
70 115.1628      102.0792      137.2602 23.1628     -23.9208      65.2602
71 103.8126      98.89606      145.3118 11.8126     -27.1039      73.3118
72 122.2052      115.9464      137.7412 30.2052     -10.0536      65.7412
73 108.1832       113.723      146.0627 16.1832      -12.277      74.0627
74 113.0942      120.6616      137.4498 21.0942     -5.33837      65.4498
75 126.8939      86.14398      136.1952 34.8939      -39.856      64.1952
76 129.9105      90.52791      123.9686 37.9105     -35.4721      51.9686
77 134.8255      99.07355      113.5399 42.8255     -26.9265      41.5399
78 123.0182      95.08324      138.4691 31.0182     -30.9168      66.4691
79 134.7385      96.04099       131.486 42.7385      -29.959       59.486
80 130.5267      103.1366      127.2415 38.5267     -22.8634      55.2415
81 143.6296      106.0217      124.6606 51.6296     -19.9783      52.6606
82 150.1811      110.1206      110.1505 58.1811     -15.8794      38.1505
83 38.02434      122.8626      109.2815 -53.9757     -3.13742      37.2815
84 49.52471      114.2334      122.3878 -42.4753     -11.7666      50.3878
85 35.71691       118.407      100.4013 -56.2831     -7.59301      28.4013
86 44.80347      109.0577      122.7576 -47.1965     -16.9423      50.7576
87 143.304      120.2421      109.2552 51.304     -5.75791      37.2552
88 137.3608      116.7474      121.1384 45.3608     -9.25261      49.1384
89 151.9138      121.5972      100.3377 59.9138     -4.40281      28.3377
90 140.9214      113.0744      118.5281 48.9214     -12.9256      46.5281
91 56.9467      99.3277      87.0515 -35.0533     -26.6723      15.0515
92 43.2249      86.1429      98.8442 -48.7751     -39.8571      26.8442
93 54.5437      97.9387      92.1091 -37.4563     -28.0613      20.1091
94 38.39107      109.3021      79.42365 -53.6089     -16.6979      7.42365
95 30.338      83.6053      89.9426 -61.662     -42.3947      17.9426
96 31.678      98.1389      82.9756 -60.322     -27.8611      10.9756
97 49.8738      90.1404      87.3667 -42.1262     -35.8596      15.3667
98 55.24423      107.0541      80.98603 -36.7558     -18.9459      8.98603
99 53.51671      114.9714      89.95822 -38.4833     -11.0286      17.9582
100 43.15223      113.6473      86.78713 -48.8478     -12.3527      14.7871
101 39.21123      105.4889      90.60205 -52.7888     -20.5111       18.602
102 39.50719      128.1436      67.76981 -52.4928       2.1436     -4.23019
103 126.8269      105.1102      84.22308 34.8269     -20.8898      12.2231
104 132.2947      98.51469      90.60501 40.2947     -27.4853       18.605
105 145.6087       113.014      79.38132 53.6087      -12.986      7.38132
106 155.8767      88.11431      91.72784 63.8767     -37.8857      19.7278
107 157.2527      102.7966      75.40477 65.2527     -23.2034      3.40477
108 153.1856      101.2387      85.81787 61.1856     -24.7613      13.8179
109 131.8167       117.003      91.30758 39.8167     -8.99697      19.3076
110 129.5541      116.7087      83.67161 37.5541     -9.29128      11.6716
111 154.0225      128.3005      86.33344 62.0225      2.30052      14.3334
112 145.0676      112.0993      89.11777 53.0676     -13.9007      17.1178
113 144.2329      130.9469       67.2578 52.2329      4.94688      -4.7422
114 82.40417       91.5674       116.671 -9.59583     -34.4326       44.671
115 85.18376      132.3888      116.3467 -6.81624      6.38883      44.3467
116 86.20549      139.8884      106.0226 -5.79451      13.8884      34.0226
117 84.73474      154.8802      99.95503 -7.26526      28.8802       27.955
118 87.63219      121.4846      138.1589 -4.36781     -4.51541      66.1589
119 46.3854      126.0586      124.2418 -45.6146    0.0586475      52.2418
120 31.15951      87.01495      109.8832 -60.8405     -38.9851      37.8832
121 51.94173      113.7637      69.92689 -40.0583     -12.2363     -2.07311
122 51.91744      129.9658       61.9044 -40.0826      3.96582     -10.0956
123 53.38099      134.7905      82.32515 -38.619       8.7905      10.3251
124 55.7921      128.7277       78.3372 -36.2079      2.72766       6.3372
125 61.03463      150.6104       78.1684 -30.9654      24.6104       6.1684
126 30.03445      123.7914      84.52596 -61.9656     -2.20864       12.526
127 33.5725      96.4301      95.3101 -58.4275     -29.5699      23.3101
128 29.45526      106.1031      103.4783 -62.5447     -19.8969      31.4783
129 42.02654      128.7285      77.15448 -49.9735      2.72846      5.15448
130 39.82654      137.6344      85.35813 -52.1735      11.6344      13.3581
131 66.66805      174.6867      94.18465 -25.332      48.6867      22.1846
132 64.61085      168.2419      105.3547 -27.3891      42.2419      33.3547
133 102.9003      96.55889      117.4315 10.9003     -29.4411      45.4315
134 96.97087      140.4493      131.3053 4.97087      14.4493      59.3053
135 98.91482       131.994      111.1884 6.91482      5.99399      39.1884
136 98.57601      145.7868      115.8667 6.57601      19.7868      43.8667
137 98.74627       149.686      101.1948 6.74627       23.686      29.1948
138 109.6331      134.2406      141.2781 17.6331      8.24063      69.2781
139 97.43426      124.3406       137.788 5.43426     -1.65936       65.788
140 136.709      127.1381      124.8899 44.709      1.13812      52.8899
141 153.8936      89.35144      114.1314 61.8936     -36.6486      42.1314
142 151.3895      101.2704      101.5053 59.3895     -24.7296      29.5053
143 133.8156       116.765      68.43843 41.8156     -9.23496     -3.56157
144 132.2      133.8505      56.67671 40.2      7.85049     -15.3233
145 129.9868      135.8412      84.26543 37.9868      9.84122      12.2654
146 133.3381      134.6375      69.09151 41.3381      8.63749     -2.90849
147 128.9363      130.4403      78.82375 36.9363      4.44032      6.82375
148 126.2243      148.4113      74.75709 34.2243      22.4113      2.75709
149 127.0952      151.9302      79.25547 35.0952      25.9302      7.25547
150 142.6908      133.0096      76.63625 50.6908      7.00957      4.63625
151 118.5235      181.7483      97.03518 26.5235      55.7483      25.0352
152 126.0076        171.48      101.2613 34.0076        45.48      29.2613
153 86.05772      140.7636      134.3997 -5.94228      14.7636      62.3997
154 44.2789      71.9311      91.7914 -47.7211     -54.0689      19.7914
155 34.7773      72.5056      83.4785 -57.2227     -53.4944      11.4785
156 36.4093      89.7954      74.9526 -55.5907     -36.2046      2.95263
157 38.9713      150.8331      86.63943 -53.0287      24.8331      14.6394
158 44.80445      168.5018      61.52509 -47.1956      42.5018     -10.4749
159 58.46753      146.9256      56.29414 -33.5325      20.9256     -15.7059
160 47.80291      157.1853      66.66349 -44.1971      31.1853     -5.33651
161 44.67798      155.9427      72.02982 -47.322      29.9427    0.0298165
162 48.2388      135.1316      121.2183 -43.7612      9.13155      49.2183
163 32.86477      114.0438      69.32249 -59.1352     -11.9562     -2.67751
164 150.0079      82.81602      87.08206 58.0079      -43.184      15.0821
165 155.4753       89.9832      73.32708 63.4753     -36.0168      1.32708
166 151.3759      113.3974       69.1241 59.3759     -12.6026      -2.8759
167 140.1621       84.9961      92.57443 48.1621     -41.0039      20.5744
168 140.3341      90.09707      77.13544 48.3341     -35.9029      5.13544
169 139.556      99.00082      71.36631 47.556     -26.9992    -0.633688
170 145.9909      152.1797      83.99617 53.9909      26.1797      11.9962
171 140.2261       166.026      59.67502 48.2261       40.026      -12.325
172 137.6869      156.9297      68.36049 45.6869      30.9297     -3.63951
173 120.1873      142.8329      53.12061 28.1873      16.8329     -18.8794
174 149.6106      123.2503      65.36887 57.6106     -2.74975     -6.63113
175 140.7962       107.907      62.81033 48.7962      -18.093     -9.18967
176 85.19826      162.3518      90.75705 -6.80174      36.3518       18.757
177 57.46276      143.0792      64.48988 -34.5372      17.0792     -7.51012
178 100.2778      164.0412      91.98123 8.27785      38.0412      19.9812
179 126.6198      147.4386       63.1292 34.6198      21.4386      -8.8708
180 88.719      95.34122       101.357 -3.281     -30.6588       29.357
181 81.41845      59.03119      102.6056 -10.5816     -66.9688      30.6056
182 80.55959      49.17695      118.2083 -11.4404     -76.8231      46.2083
183 96.39038      107.1572      107.2892 4.39038     -18.8428      35.2892
184 102.5984      56.61857      110.1091 10.5984     -69.3814      38.1091
185 62.32559      119.0396      122.3404 -29.6744     -6.96042      50.3404
186 61.98853      126.5543      128.7275 -30.0115     0.554342      56.7275
187 70.60145      136.0072       125.524 -21.3986      10.0072       53.524
188 69.19947      131.6918      138.1572 -22.8005      5.69177      66.1572
189 60.62785      78.76449      116.7464 -31.3722     -47.2355      44.7464
190 48.32714      82.56408      120.8433 -43.6729     -43.4359      48.8433
191 37.70411      97.25583      117.7527 -54.2959     -28.7442      45.7527
192 43.87118      165.1979      79.79482 -48.1288      39.1979      7.79482
193 68.635      60.92028      127.3126 -23.365     -65.0797      55.3126
194 66.77753      59.21115      107.1405 -25.2225     -66.7889      35.1405
195 82.98803      67.86575      133.8055 -9.01197     -58.1343      61.8055
196 83.67221      58.70379      129.3703 -8.32779     -67.2962      57.3703
197 63.0641      50.09982      110.7958 -28.9359     -75.9002      38.7958
198 41.2916      69.8503      62.8088 -50.7084     -56.1497     -9.19123
199 41.56594      131.6844      102.1973 -50.4341      5.68443      30.1973
200 53.52665      131.3909      107.6434 -38.4734      5.39086      35.6434
201 53.0284      172.5748       89.9932 -38.9716      46.5748      17.9932
202 51.32295      136.5934      96.88033 -40.677      10.5934      24.8803
203 52.3842      163.2333      106.2521 -39.6158      37.2333      34.2521
204 99.69151      72.13708      131.6021 7.69151     -53.8629      59.6021
205 121.0989      130.0995      125.5992 29.0989       4.0995      53.5992
206 124.9233      120.8841       124.278 32.9233      -5.1159       52.278
207 116.4302       136.566      130.1658 24.4302       10.566      58.1658
208 133.0211      86.97709      114.6377 41.0211     -39.0229      42.6377
209 136.4127      172.8197      86.40052 44.4127      46.8197      14.4005
210 144.6574      163.3755      72.99621 52.6574      37.3755     0.996207
211 113.0273      56.52424      127.9373 21.0273     -69.4758      55.9373
212 122.2438      60.50209      116.1518 30.2438     -65.4979      44.1518
213 126.2295      81.44759      123.1468 34.2295     -44.5524      51.1468
214 154.3463      76.49306      73.14165 62.3463     -49.5069      1.14165
215 142.4839      131.7209      110.4435 50.4839      5.72092      38.4435
216 141.9614      137.8166      93.89043 49.9614      11.8166      21.8904
217 53.99661      182.2292      83.90649 -38.0034      56.2292      11.9065
218 29.4488      77.5578      64.3398 -62.5512     -48.4422     -7.66016
219 88.76333      156.8775      117.0393 -3.23667      30.8775      45.0393
220 52.09799      177.7389      65.43724 -39.902      51.7389     -6.56276
221 57.77172      68.03383      120.6464 -34.2283     -57.9662      48.6464
222 44.90527      149.2683      103.9413 -47.0947      23.2683      31.9413
223 50.7834      154.8138      93.69467 -41.2166      28.8138      21.6947
224 73.66288      191.1425      73.80303 -18.3371      65.1425      1.80303
225 63.3958      181.5022      82.73082 -28.6042      55.5022      10.7308
226 144.6021      89.31343      124.9601 52.6021     -36.6866      52.9601
227 133.953      176.8474      78.33917 41.953      50.8474      6.33917
228 155.081      82.48456      59.35515 63.081     -43.5154     -12.6449
229 97.03096      160.5404      116.8614 5.03096      34.5404      44.8614
230 132.8812      180.4276      65.80959 40.8812      54.4276     -6.19041
231 134.1901      75.23096      121.7795 42.1901      -50.769      49.7795
232 127.7271      69.18337      119.6788 35.7271     -56.8166      47.6788
233 137.3589      156.4589      108.1493 45.3589      30.4589      36.1493
234 136.8248      162.4471      90.98038 44.8248      36.4471      18.9804
235 131.5862      146.1792       99.4587 39.5862      20.1792      27.4587
236 118.5305      187.4934      65.12745 26.5305      61.4934     -6.87255
237 115.0596      190.6355      74.51238 23.0596      64.6355      2.51238
238 124.6566      183.0123       83.7876 32.6566      57.0123      11.7876
239 135.3613      145.9418      122.2531 43.3613      19.9418      50.2531
240 133.1011      135.4726      119.8879 41.1011       9.4726      47.8879
241 86.13014      75.74978      106.7061 -5.86986     -50.2502      34.7061
242 79.47013      158.3326       130.012 -12.5299      32.3326       58.012
243 39.57039      68.99923      108.9695 -52.4296     -57.0008      36.9695
244 88.15581      172.9744      102.0391 -3.84419      46.9744      30.0391
245 88.43282      113.6895      111.1174 -3.56718     -12.3105      39.1174
246 72.30455      157.9862      120.6274 -19.6955      31.9862      48.6274
247 51.80506      53.11844      115.1955 -40.1949     -72.8816      43.1955
248 62.08281      182.9452      71.15691 -29.9172      56.9452    -0.843088
249 86.81726      184.1459      63.10999 -5.18274      58.1459     -8.89001
250 85.79937      161.4867       63.7193 -6.20063      35.4867      -8.2807
251 29.58576       102.304      63.64255 -62.4142      -23.696     -8.35745
252 34.2043      121.3006      54.23433 -57.7957     -4.69938     -17.7657
253 77.68833      178.5522      112.9382 -14.3117      52.5522      40.9382
254 71.31353      183.9624       99.0056 -20.6865      57.9624      27.0056
255 86.12301      184.7461       87.9874 -5.87699      58.7461      15.9874
256 75.98962      193.0929      84.94473 -16.0104      67.0929      12.9447
257 85.67122      170.6187      75.89557 -6.32878      44.6187      3.89557
258 64.81382      159.1876      115.7777 -27.1862      33.1876      43.7777
259 65.1095      142.8207      125.8606 -26.8905      16.8207      53.8606
260 49.85131       145.729      121.7128 -42.1487       19.729      49.7128
261 98.816      77.83477      106.8911 6.816     -48.1652      34.8911
262 104.5016      156.3119      131.4192 12.5016      30.3119      59.4192
263 99.10544      168.0591      75.21121 7.10544      42.0591      3.21121
264 115.8607       152.749      121.1226 23.8607       26.749      49.1226
265 147.6203       75.6533      108.2197 55.6203     -50.3467      36.2197
266 153.6658      104.1702      66.08238 61.6658     -21.8298     -5.91762
267 98.15931      58.04453      123.4215 6.15931     -67.9555      51.4215
268 139.4505      60.17911      110.8202 47.4505     -65.8209      38.8202
269 98.88901      190.6008      65.13857 6.88901      64.6008     -6.86143
270 96.63437      170.0196       58.8246 4.63437      44.0196     -13.1754
271 151.1728      123.1059      53.92267 59.1728     -2.89406     -18.0773
272 115.9264      165.0165      112.5073 23.9264      39.0165      40.5073
273 113.0628      176.8077      106.2605 21.0628      50.8077      34.2605
274 109.3897      193.0052      87.20137 17.3897      67.0052      15.2014
275 99.38893       184.371      82.40325 7.38893       58.371      10.4032
276 97.51714      184.8331      96.01442 5.51714      58.8331      24.0144
277 105.0373      177.2874      114.9367 13.0373      51.2874      42.9367
278 97.26199       173.413      105.3586 5.26199       47.413      33.3586
279 122.6094      150.7724      123.8119 30.6094      24.7724      51.8119
280 145.198      131.8464      57.27921 53.198      5.84641     -14.7208
281 67.87857      132.7862      43.64276 -24.1214      6.78622     -28.3572
282 66.7579      94.3777      63.3132 -25.2421     -31.6223     -8.68678
283 74.7111      89.2936      68.6979 -17.2889     -36.7064     -3.30206
284 59.10196      143.7763      39.87369 -32.898      17.7763     -32.1263
285 70.45552      189.9811      64.49053 -21.5445      63.9811     -7.50947
286 60.15272      133.5063      53.51464 -31.8473      7.50628     -18.4854
287 55.00836      161.9882      58.68525 -36.9916      35.9882     -13.3147
288 68.44492      154.3657      53.91595 -23.5551      28.3657     -18.0841
289 69.07745      181.7377      58.22894 -22.9226      55.7377     -13.7711
290 76.05263      170.1307      50.77674 -15.9474      44.1307     -21.2233
291 79.34912      144.3494      52.38648 -12.6509      18.3494     -19.6135
292 85.5359      176.1626      49.04365 -6.4641      50.1626     -22.9563
293 88.40851      153.6798      52.05477 -3.59149      27.6798     -19.9452
294 38.76234      112.7553      40.82083 -53.2377     -13.2447     -31.1792
295 48.42585      135.2698      35.24319 -43.5742      9.26979     -36.7568
296 33.4685      88.2623      54.0797 -58.5315     -37.7377     -17.9203
297 61.99856      126.2629      29.51259 -30.0014      0.26295     -42.4874
298 53.42403       110.381      42.11973 -38.576      -15.619     -29.8803
299 69.79166      116.5912       46.2782 -22.2083     -9.40879     -25.7218
300 66.98857      103.1207      52.74589 -25.0114     -22.8793     -19.2541
301 43.79329      140.0092      51.22118 -48.2067      14.0092     -20.7788
302 122.3036      140.6844      43.47155 30.3036      14.6844     -28.5284
303 116.3061      91.73823      67.31579 24.3061     -34.2618     -4.68421
304 113.3583      97.00823      60.35602 21.3583     -28.9918      -11.644
305 96.06498      147.2596       53.4579 4.06498      21.2596     -18.5421
306 129.3345      162.4655      59.04192 37.3345      36.4655     -12.9581
307 113.1651      157.2584      52.95234 21.1651      31.2584     -19.0477
308 111.6295      179.3679      55.13457 19.6295      53.3679     -16.8654
309 105.4774      144.2188      54.24217 13.4774      18.2188     -17.7578
310 100.5238      165.9266      48.84602 8.52381      39.9266      -23.154
311 156.7895      103.9104      57.39913 64.7895     -22.0896     -14.6009
312 146.3204      127.2249      42.85703 54.3204      1.22493      -29.143
313 137.0612      142.9457      42.55344 45.0612      16.9457     -29.4466
314 116.1837       103.981       50.6844 24.1837      -22.019     -21.3156
315 114.1957      127.9552      39.72858 22.1957      1.95522     -32.2714
316 124.2554       140.671      32.24334 32.2554       14.671     -39.7567
317 140.3751      120.4653      33.08766 48.3751     -5.53466     -38.9123
318 151.2453      100.0421      47.93506 59.2453     -25.9579     -24.0649
319 117.6478       128.802      27.61636 25.6478      2.80201     -44.3836
320 129.9936      115.5046      37.68552 37.9936     -10.4954     -34.3145
321 120.7749      117.8705      37.70817 28.7749     -8.12952     -34.2918
322 136.9358       103.883      46.88469 44.9358      -22.117     -25.1153
323 113.3928      117.3748       48.3988 21.3928     -8.62523     -23.6012
324 122.1617      108.7801       53.3433 30.1617     -17.2199     -18.6567
325 82.62258      139.1824       65.1642 -9.37742      13.1824      -6.8358
326 100.8931      139.7098      65.78628 8.89314      13.7098     -6.21372
327 68.73146      121.7494      54.54859 -23.2685     -4.25064     -17.4514
328 116.4782      122.8537      54.37035 24.4782     -3.14634     -17.6297
329 92.6565      96.3728      40.7342 0.656463     -29.6272     -31.2658
330 79.12136      133.6308      83.59984 -12.8786      7.63078      11.5998
331 105.6551      136.5824      82.17955 13.6551      10.5824      10.1796
332 68.5712      65.4871      36.5339 -23.4288     -60.5129     -35.4661
333 116.5071       65.9729      36.38006 24.5071     -60.0271     -35.6199
334 81.8431      112.7367      62.50235 -10.1569     -13.2633     -9.49765
335 103.7023       112.386       62.9542 11.7023      -13.614      -9.0458
336 66.15107      102.2428      63.29576 -25.8489     -23.7572     -8.70424
337 121.1028      104.3892      61.51245 29.1028     -21.6108     -10.4876
338 73.15814      123.0563      71.31816 -18.8419     -2.94369     -0.68184
339 112.6568      124.4502      71.21105 20.6568      -1.5498    -0.788955
340 66.77244      126.9302      72.57587 -25.2276     0.930177     0.575874
341 117.7728      130.0609      71.40669 25.7728      4.06094    -0.593313
342 80.20789      108.7713      79.24217 -11.7921     -17.2287      7.24217
343 103.9616      109.9001      79.42597 11.9616     -16.0999      7.42597
