#npts=256 ncol=12 nk=6 niter=2
#irep      f[i]
    0   -0.4246   -0.4246   -0.4246   -0.4246   -0.4246   -0.4246   -0.4246   -0.4246   -0.4246   -0.4246   -0.4246   -0.4246   -0.4246   -0.4246   -0.4246   -0.4246
    1   -0.7059   -0.7059   -0.7059   -0.7059   -0.7059   -0.7059   -0.7059   -0.7059   -0.7059   -0.7059   -0.7059   -0.7059   -0.7059   -0.7059   -0.7059   -0.7059
    2   -1.0530   -1.0530   -1.0530   -1.0530   -1.0530   -1.0530   -1.0530   -1.0530   -1.0530   -1.0530   -1.0530   -1.0530   -1.0530   -1.0530   -1.0530   -1.0530
    3   -1.4322   -1.4322   -1.4322   -1.4322   -1.4322   -1.4322   -1.4322   -1.4322   -1.4322   -1.4322   -1.4322   -1.4322   -1.4322   -1.4322   -1.4322   -1.4322
    4   -1.7185   -1.7185   -1.7185   -1.7185   -1.7185   -1.7185   -1.7185   -1.7185   -1.7185   -1.7185   -1.7185   -1.7185   -1.7185   -1.7185   -1.7185   -1.7185
    5   -1.8115   -1.8115   -1.8115   -1.8115   -1.8115   -1.8115   -1.8115   -1.8115   -1.8115   -1.8115   -1.8115   -1.8115   -1.8115   -1.8115   -1.8115   -1.8115
    6   -1.7824   -1.7824   -1.7824   -1.7824   -1.7824   -1.7824   -1.7824   -1.7824   -1.7824   -1.7824   -1.7824   -1.7824   -1.7824   -1.7824   -1.7824   -1.7824
    7   -1.4653   -1.4653   -1.4653   -1.4653   -1.4653   -1.4653   -1.4653   -1.4653   -1.4653   -1.4653   -1.4653   -1.4653   -1.4653   -1.4653   -1.4653   -1.4653
    8   -1.1578   -1.1578   -1.1578   -1.1578   -1.1578   -1.1578   -1.1578   -1.1578   -1.1578   -1.1578   -1.1578   -1.1578   -1.1578   -1.1578   -1.1578   -1.1578
    9   -1.0013   -1.0013   -1.0013   -1.0013   -1.0013   -1.0013   -1.0013   -1.0013   -1.0013   -1.0013   -1.0013   -1.0013   -1.0013   -1.0013   -1.0013   -1.0013
   10   -0.9363   -0.9363   -0.9363   -0.9363   -0.9363   -0.9363   -0.9363   -0.9363   -0.9363   -0.9363   -0.9363   -0.9363   -0.9363   -0.9363   -0.9363   -0.9363
   11   -1.2111   -1.2111   -1.2111   -1.2111   -1.2111   -1.2111   -1.2111   -1.2111   -1.2111   -1.2111   -1.2111   -1.2111   -1.2111   -1.2111   -1.2111   -1.2111
   12   -1.6545   -1.6545   -1.6545   -1.6545   -1.6545   -1.6545   -1.6545   -1.6545   -1.6545   -1.6545   -1.6545   -1.6545   -1.6545   -1.6545   -1.6545   -1.6545
   13   -1.8115   -1.8115   -1.8115   -1.8115   -1.8115   -1.8115   -1.8115   -1.8115   -1.8115   -1.8115   -1.8115   -1.8115   -1.8115   -1.8115   -1.8115   -1.8115
   14   -1.7774   -1.7774   -1.7774   -1.7774   -1.7774   -1.7774   -1.7774   -1.7774   -1.7774   -1.7774   -1.7774   -1.7774   -1.7774   -1.7774   -1.7774   -1.7774
   15   -1.7308   -1.7308   -1.7308   -1.7308   -1.7308   -1.7308   -1.7308   -1.7308   -1.7308   -1.7308   -1.7308   -1.7308   -1.7308   -1.7308   -1.7308   -1.7308
   16   -1.7066   -1.7066   -1.7066   -1.7066   -1.7066   -1.7066   -1.7066   -1.7066   -1.7066   -1.7066   -1.7066   -1.7066   -1.7066   -1.7066   -1.7066   -1.7066
   17   -1.6541   -1.6541   -1.6541   -1.6541   -1.6541   -1.6541   -1.6541   -1.6541   -1.6541   -1.6541   -1.6541   -1.6541   -1.6541   -1.6541   -1.6541   -1.6541
   18   -1.4397   -1.4397   -1.4397   -1.4397   -1.4397   -1.4397   -1.4397   -1.4397   -1.4397   -1.4397   -1.4397   -1.4397   -1.4397   -1.4397   -1.4397   -1.4397
   19   -1.0845   -1.0179   -1.1611   -1.1615   -1.1616   -1.1616   -1.1617   -1.1617   -1.1618   -1.1618   -1.1618   -1.1618   -1.1619   -1.1619   -1.1619   -1.1619
   20   -0.5960   -0.5960   -0.5960   -0.5960   -0.5960   -0.5960   -0.5960   -0.5960   -0.5960   -0.5960   -0.5960   -0.5960   -0.5960   -0.5960   -0.5960   -0.5960
   21    0.0397    0.0397    0.0397    0.0397    0.0397    0.0397    0.0397    0.0397    0.0397    0.0397    0.0397    0.0397    0.0397    0.0397    0.0397    0.0397
   22    0.7204    0.7204    0.7204    0.7204    0.7204    0.7204    0.7204    0.7204    0.7204    0.7204    0.7204    0.7204    0.7204    0.7204    0.7204    0.7204
   23    0.8653    0.8653    0.8653    0.8653    0.8653    0.8653    0.8653    0.8653    0.8653    0.8653    0.8653    0.8653    0.8653    0.8653    0.8653    0.8653
   24    0.6028    0.6028    0.6028    0.6028    0.6028    0.6028    0.6028    0.6028    0.6028    0.6028    0.6028    0.6028    0.6028    0.6028    0.6028    0.6028
   25    0.2908    0.2908    0.2908    0.2908    0.2908    0.2908    0.2908    0.2908    0.2908    0.2908    0.2908    0.2908    0.2908    0.2908    0.2908    0.2908
   26    0.0673    0.0673    0.0673    0.0673    0.0673    0.0673    0.0673    0.0673    0.0673    0.0673    0.0673    0.0673    0.0673    0.0673    0.0673    0.0673
   27   -0.1648   -0.1648   -0.1648   -0.1648   -0.1648   -0.1648   -0.1648   -0.1648   -0.1648   -0.1648   -0.1648   -0.1648   -0.1648   -0.1648   -0.1648   -0.1648
   28   -0.3651   -0.3651   -0.3651   -0.3651   -0.3651   -0.3651   -0.3651   -0.3651   -0.3651   -0.3651   -0.3651   -0.3651   -0.3651   -0.3651   -0.3651   -0.3651
   29   -0.4050   -0.4050   -0.4050   -0.4050   -0.4050   -0.4050   -0.4050   -0.4050   -0.4050   -0.4050   -0.4050   -0.4050   -0.4050   -0.4050   -0.4050   -0.4050
   30   -0.5258   -0.5258   -0.5258   -0.5258   -0.5258   -0.5258   -0.5258   -0.5258   -0.5258   -0.5258   -0.5258   -0.5258   -0.5258   -0.5258   -0.5258   -0.5258
   31   -0.6315   -0.6315   -0.6315   -0.6315   -0.6315   -0.6315   -0.6315   -0.6315   -0.6315   -0.6315   -0.6315   -0.6315   -0.6315   -0.6315   -0.6315   -0.6315
   32   -0.5472   -0.5472   -0.5472   -0.5472   -0.5472   -0.5472   -0.5472   -0.5472   -0.5472   -0.5472   -0.5472   -0.5472   -0.5472   -0.5472   -0.5472   -0.5472
   33   -0.3360   -0.3360   -0.3360   -0.3360   -0.3360   -0.3360   -0.3360   -0.3360   -0.3360   -0.3360   -0.3360   -0.3360   -0.3360   -0.3360   -0.3360   -0.3360
   34    0.0471    0.0471    0.0471    0.0471    0.0471    0.0471    0.0471    0.0471    0.0471    0.0471    0.0471    0.0471    0.0471    0.0471    0.0471    0.0471
   35    0.7240    0.7240    0.7240    0.7240    0.7240    0.7240    0.7240    0.7240    0.7240    0.7240    0.7240    0.7240    0.7240    0.7240    0.7240    0.7240
   36    1.3336    1.3336    1.3336    1.3336    1.3336    1.3336    1.3336    1.3336    1.3336    1.3336    1.3336    1.3336    1.3336    1.3336    1.3336    1.3336
   37    1.8612    1.8612    1.8612    1.8612    1.8612    1.8612    1.8612    1.8612    1.8612    1.8612    1.8612    1.8612    1.8612    1.8612    1.8612    1.8612
   38    2.0809    2.0809    2.0809    2.0809    2.0809    2.0809    2.0809    2.0809    2.0809    2.0809    2.0809    2.0809    2.0809    2.0809    2.0809    2.0809
   39    2.0817    1.9039    2.0811    2.0846    2.0860    2.0865    2.0868    2.0869    2.0870    2.0870    2.0870    2.0871    2.0871    2.0871    2.0871    2.0872
   40    1.8884    1.7270    1.8868    1.8840    1.8830    1.8827    1.8826    1.8826    1.8826    1.8826    1.8826    1.8826    1.8826    1.8826    1.8827    1.8827
   41    1.5500    1.5500    1.5500    1.5500    1.5500    1.5500    1.5500    1.5500    1.5500    1.5500    1.5500    1.5500    1.5500    1.5500    1.5500    1.5500
   42    1.2283    1.2283    1.2283    1.2283    1.2283    1.2283    1.2283    1.2283    1.2283    1.2283    1.2283    1.2283    1.2283    1.2283    1.2283    1.2283
   43    0.8310    0.8310    0.8310    0.8310    0.8310    0.8310    0.8310    0.8310    0.8310    0.8310    0.8310    0.8310    0.8310    0.8310    0.8310    0.8310
   44    0.5782    0.5782    0.5782    0.5782    0.5782    0.5782    0.5782    0.5782    0.5782    0.5782    0.5782    0.5782    0.5782    0.5782    0.5782    0.5782
   45    0.3498    0.3498    0.3498    0.3498    0.3498    0.3498    0.3498    0.3498    0.3498    0.3498    0.3498    0.3498    0.3498    0.3498    0.3498    0.3498
   46    0.0170    0.0170    0.0170    0.0170    0.0170    0.0170    0.0170    0.0170    0.0170    0.0170    0.0170    0.0170    0.0170    0.0170    0.0170    0.0170
   47   -0.3191   -0.3191   -0.3191   -0.3191   -0.3191   -0.3191   -0.3191   -0.3191   -0.3191   -0.3191   -0.3191   -0.3191   -0.3191   -0.3191   -0.3191   -0.3191
   48   -0.6559   -0.6559   -0.6559   -0.6559   -0.6559   -0.6559   -0.6559   -0.6559   -0.6559   -0.6559   -0.6559   -0.6559   -0.6559   -0.6559   -0.6559   -0.6559
   49   -0.7404   -0.7404   -0.7404   -0.7404   -0.7404   -0.7404   -0.7404   -0.7404   -0.7404   -0.7404   -0.7404   -0.7404   -0.7404   -0.7404   -0.7404   -0.7404
   50   -0.7178   -0.7178   -0.7178   -0.7178   -0.7178   -0.7178   -0.7178   -0.7178   -0.7178   -0.7178   -0.7178   -0.7178   -0.7178   -0.7178   -0.7178   -0.7178
   51   -0.5455   -0.5455   -0.5455   -0.5455   -0.5455   -0.5455   -0.5455   -0.5455   -0.5455   -0.5455   -0.5455   -0.5455   -0.5455   -0.5455   -0.5455   -0.5455
   52   -0.1990   -0.1990   -0.1990   -0.1990   -0.1990   -0.1990   -0.1990   -0.1990   -0.1990   -0.1990   -0.1990   -0.1990   -0.1990   -0.1990   -0.1990   -0.1990
   53    0.1387    0.1387    0.1387    0.1387    0.1387    0.1387    0.1387    0.1387    0.1387    0.1387    0.1387    0.1387    0.1387    0.1387    0.1387    0.1387
   54    0.3042    0.3042    0.3042    0.3042    0.3042    0.3042    0.3042    0.3042    0.3042    0.3042    0.3042    0.3042    0.3042    0.3042    0.3042    0.3042
   55    0.1755    0.1755    0.1755    0.1755    0.1755    0.1755    0.1755    0.1755    0.1755    0.1755    0.1755    0.1755    0.1755    0.1755    0.1755    0.1755
   56   -0.1180   -0.1180   -0.1180   -0.1180   -0.1180   -0.1180   -0.1180   -0.1180   -0.1180   -0.1180   -0.1180   -0.1180   -0.1180   -0.1180   -0.1180   -0.1180
   57   -0.3536   -0.3536   -0.3536   -0.3536   -0.3536   -0.3536   -0.3536   -0.3536   -0.3536   -0.3536   -0.3536   -0.3536   -0.3536   -0.3536   -0.3536   -0.3536
   58   -0.3047   -0.3047   -0.3047   -0.3047   -0.3047   -0.3047   -0.3047   -0.3047   -0.3047   -0.3047   -0.3047   -0.3047   -0.3047   -0.3047   -0.3047   -0.3047
   59   -0.0984   -0.0984   -0.0984   -0.0984   -0.0984   -0.0984   -0.0984   -0.0984   -0.0984   -0.0984   -0.0984   -0.0984   -0.0984   -0.0984   -0.0984   -0.0984
   60    0.1831   -0.0986    0.2496    0.2564    0.2549    0.2536    0.2526    0.2518    0.2513    0.2509    0.2505    0.2503    0.2502    0.2500    0.2500    0.2499
   61    0.3335   -0.0987    0.3581    0.3736    0.3765    0.3785    0.3800    0.3812    0.3820    0.3827    0.3832    0.3836    0.3839    0.3841    0.3843    0.3844
   62    0.2294   -0.0989    0.2133    0.2194    0.2177    0.2162    0.2151    0.2143    0.2137    0.2132    0.2129    0.2126    0.2124    0.2123    0.2122    0.2121
   63   -0.0991   -0.0991   -0.0991   -0.0991   -0.0991   -0.0991   -0.0991   -0.0991   -0.0991   -0.0991   -0.0991   -0.0991   -0.0991   -0.0991   -0.0991   -0.0991
   64   -0.3545   -0.3545   -0.3545   -0.3545   -0.3545   -0.3545   -0.3545   -0.3545   -0.3545   -0.3545   -0.3545   -0.3545   -0.3545   -0.3545   -0.3545   -0.3545
   65   -0.1902   -0.1902   -0.1902   -0.1902   -0.1902   -0.1902   -0.1902   -0.1902   -0.1902   -0.1902   -0.1902   -0.1902   -0.1902   -0.1902   -0.1902   -0.1902
   66    0.3005    0.3005    0.3005    0.3005    0.3005    0.3005    0.3005    0.3005    0.3005    0.3005    0.3005    0.3005    0.3005    0.3005    0.3005    0.3005
   67    0.7493    0.7493    0.7493    0.7493    0.7493    0.7493    0.7493    0.7493    0.7493    0.7493    0.7493    0.7493    0.7493    0.7493    0.7493    0.7493
   68    0.9254    0.9254    0.9254    0.9254    0.9254    0.9254    0.9254    0.9254    0.9254    0.9254    0.9254    0.9254    0.9254    0.9254    0.9254    0.9254
   69    0.9738    0.9738    0.9738    0.9738    0.9738    0.9738    0.9738    0.9738    0.9738    0.9738    0.9738    0.9738    0.9738    0.9738    0.9738    0.9738
   70    0.9213    0.9213    0.9213    0.9213    0.9213    0.9213    0.9213    0.9213    0.9213    0.9213    0.9213    0.9213    0.9213    0.9213    0.9213    0.9213
   71    0.8428    0.8428    0.8428    0.8428    0.8428    0.8428    0.8428    0.8428    0.8428    0.8428    0.8428    0.8428    0.8428    0.8428    0.8428    0.8428
   72    0.9153    0.9153    0.9153    0.9153    0.9153    0.9153    0.9153    0.9153    0.9153    0.9153    0.9153    0.9153    0.9153    0.9153    0.9153    0.9153
   73    0.9419    0.9419    0.9419    0.9419    0.9419    0.9419    0.9419    0.9419    0.9419    0.9419    0.9419    0.9419    0.9419    0.9419    0.9419    0.9419
   74    1.0389    1.0389    1.0389    1.0389    1.0389    1.0389    1.0389    1.0389    1.0389    1.0389    1.0389    1.0389    1.0389    1.0389    1.0389    1.0389
   75    1.4160    1.4160    1.4160    1.4160    1.4160    1.4160    1.4160    1.4160    1.4160    1.4160    1.4160    1.4160    1.4160    1.4160    1.4160    1.4160
   76    1.8452    1.8452    1.8452    1.8452    1.8452    1.8452    1.8452    1.8452    1.8452    1.8452    1.8452    1.8452    1.8452    1.8452    1.8452    1.8452
   77    2.0524    2.0524    2.0524    2.0524    2.0524    2.0524    2.0524    2.0524    2.0524    2.0524    2.0524    2.0524    2.0524    2.0524    2.0524    2.0524
   78    1.9989    1.9989    1.9989    1.9989    1.9989    1.9989    1.9989    1.9989    1.9989    1.9989    1.9989    1.9989    1.9989    1.9989    1.9989    1.9989
   79    1.5896    1.5896    1.5896    1.5896    1.5896    1.5896    1.5896    1.5896    1.5896    1.5896    1.5896    1.5896    1.5896    1.5896    1.5896    1.5896
   80    1.1422    1.1422    1.1422    1.1422    1.1422    1.1422    1.1422    1.1422    1.1422    1.1422    1.1422    1.1422    1.1422    1.1422    1.1422    1.1422
   81    1.0921    1.0921    1.0921    1.0921    1.0921    1.0921    1.0921    1.0921    1.0921    1.0921    1.0921    1.0921    1.0921    1.0921    1.0921    1.0921
   82    1.2639    1.1352    1.1875    1.2355    1.2509    1.2557    1.2572    1.2576    1.2578    1.2578    1.2578    1.2579    1.2579    1.2579    1.2579    1.2579
   83    1.5830    1.1784    1.4093    1.4998    1.5286    1.5377    1.5406    1.5416    1.5419    1.5421    1.5423    1.5424    1.5425    1.5426    1.5426    1.5427
   84    1.6942    1.2215    1.5480    1.6386    1.6674    1.6764    1.6792    1.6801    1.6804    1.6805    1.6806    1.6806    1.6807    1.6807    1.6808    1.6808
   85    1.5514    1.2647    1.5017    1.5504    1.5661    1.5712    1.5728    1.5734    1.5736    1.5737    1.5738    1.5739    1.5739    1.5740    1.5740    1.5741
   86    1.3078    1.3078    1.3078    1.3078    1.3078    1.3078    1.3078    1.3078    1.3078    1.3078    1.3078    1.3078    1.3078    1.3078    1.3078    1.3078
   87    1.1007    1.1007    1.1007    1.1007    1.1007    1.1007    1.1007    1.1007    1.1007    1.1007    1.1007    1.1007    1.1007    1.1007    1.1007    1.1007
   88    0.9495    0.9495    0.9495    0.9495    0.9495    0.9495    0.9495    0.9495    0.9495    0.9495    0.9495    0.9495    0.9495    0.9495    0.9495    0.9495
   89    0.8673    0.8673    0.8673    0.8673    0.8673    0.8673    0.8673    0.8673    0.8673    0.8673    0.8673    0.8673    0.8673    0.8673    0.8673    0.8673
   90    0.8298    0.8298    0.8298    0.8298    0.8298    0.8298    0.8298    0.8298    0.8298    0.8298    0.8298    0.8298    0.8298    0.8298    0.8298    0.8298
   91    0.5814    0.5814    0.5814    0.5814    0.5814    0.5814    0.5814    0.5814    0.5814    0.5814    0.5814    0.5814    0.5814    0.5814    0.5814    0.5814
   92    0.3079    0.3079    0.3079    0.3079    0.3079    0.3079    0.3079    0.3079    0.3079    0.3079    0.3079    0.3079    0.3079    0.3079    0.3079    0.3079
   93    0.0875    0.0875    0.0875    0.0875    0.0875    0.0875    0.0875    0.0875    0.0875    0.0875    0.0875    0.0875    0.0875    0.0875    0.0875    0.0875
   94   -0.0291   -0.0291   -0.0291   -0.0291   -0.0291   -0.0291   -0.0291   -0.0291   -0.0291   -0.0291   -0.0291   -0.0291   -0.0291   -0.0291   -0.0291   -0.0291
   95   -0.0719   -0.0719   -0.0719   -0.0719   -0.0719   -0.0719   -0.0719   -0.0719   -0.0719   -0.0719   -0.0719   -0.0719   -0.0719   -0.0719   -0.0719   -0.0719
   96    0.0174    0.0174    0.0174    0.0174    0.0174    0.0174    0.0174    0.0174    0.0174    0.0174    0.0174    0.0174    0.0174    0.0174    0.0174    0.0174
   97    0.1332    0.1332    0.1332    0.1332    0.1332    0.1332    0.1332    0.1332    0.1332    0.1332    0.1332    0.1332    0.1332    0.1332    0.1332    0.1332
   98    0.2446    0.2446    0.2446    0.2446    0.2446    0.2446    0.2446    0.2446    0.2446    0.2446    0.2446    0.2446    0.2446    0.2446    0.2446    0.2446
   99    0.3831    0.3831    0.3831    0.3831    0.3831    0.3831    0.3831    0.3831    0.3831    0.3831    0.3831    0.3831    0.3831    0.3831    0.3831    0.3831
  100    0.4765    0.4765    0.4765    0.4765    0.4765    0.4765    0.4765    0.4765    0.4765    0.4765    0.4765    0.4765    0.4765    0.4765    0.4765    0.4765
  101    0.2500    0.2500    0.2500    0.2500    0.2500    0.2500    0.2500    0.2500    0.2500    0.2500    0.2500    0.2500    0.2500    0.2500    0.2500    0.2500
  102   -0.1613   -0.1613   -0.1613   -0.1613   -0.1613   -0.1613   -0.1613   -0.1613   -0.1613   -0.1613   -0.1613   -0.1613   -0.1613   -0.1613   -0.1613   -0.1613
  103   -0.6365   -0.6365   -0.6365   -0.6365   -0.6365   -0.6365   -0.6365   -0.6365   -0.6365   -0.6365   -0.6365   -0.6365   -0.6365   -0.6365   -0.6365   -0.6365
  104   -1.0958   -1.0958   -1.0958   -1.0958   -1.0958   -1.0958   -1.0958   -1.0958   -1.0958   -1.0958   -1.0958   -1.0958   -1.0958   -1.0958   -1.0958   -1.0958
  105   -1.3823   -1.2206   -1.3696   -1.3908   -1.4050   -1.4147   -1.4212   -1.4257   -1.4287   -1.4307   -1.4321   -1.4331   -1.4337   -1.4342   -1.4345   -1.4347
  106   -1.5680   -1.3453   -1.5021   -1.5398   -1.5656   -1.5832   -1.5953   -1.6036   -1.6092   -1.6131   -1.6158   -1.6176   -1.6189   -1.6198   -1.6204   -1.6209
  107   -1.5435   -1.4700   -1.5349   -1.5824   -1.6149   -1.6371   -1.6522   -1.6625   -1.6696   -1.6744   -1.6777   -1.6799   -1.6815   -1.6826   -1.6833   -1.6838
  108   -1.4990   -1.5948   -1.5493   -1.5891   -1.6165   -1.6353   -1.6481   -1.6569   -1.6629   -1.6670   -1.6699   -1.6719   -1.6732   -1.6742   -1.6749   -1.6754
  109   -1.5563   -1.7195   -1.6343   -1.6510   -1.6628   -1.6709   -1.6764   -1.6803   -1.6829   -1.6847   -1.6859   -1.6868   -1.6874   -1.6878   -1.6881   -1.6883
  110   -1.8443   -1.8443   -1.8443   -1.8443   -1.8443   -1.8443   -1.8443   -1.8443   -1.8443   -1.8443   -1.8443   -1.8443   -1.8443   -1.8443   -1.8443   -1.8443
  111   -2.1591   -2.1591   -2.1591   -2.1591   -2.1591   -2.1591   -2.1591   -2.1591   -2.1591   -2.1591   -2.1591   -2.1591   -2.1591   -2.1591   -2.1591   -2.1591
  112   -2.4531   -2.4531   -2.4531   -2.4531   -2.4531   -2.4531   -2.4531   -2.4531   -2.4531   -2.4531   -2.4531   -2.4531   -2.4531   -2.4531   -2.4531   -2.4531
  113   -2.6519   -2.6519   -2.6519   -2.6519   -2.6519   -2.6519   -2.6519   -2.6519   -2.6519   -2.6519   -2.6519   -2.6519   -2.6519   -2.6519   -2.6519   -2.6519
  114   -2.4634   -2.4634   -2.4634   -2.4634   -2.4634   -2.4634   -2.4634   -2.4634   -2.4634   -2.4634   -2.4634   -2.4634   -2.4634   -2.4634   -2.4634   -2.4634
  115   -1.8757   -1.8757   -1.8757   -1.8757   -1.8757   -1.8757   -1.8757   -1.8757   -1.8757   -1.8757   -1.8757   -1.8757   -1.8757   -1.8757   -1.8757   -1.8757
  116   -1.2695   -1.2695   -1.2695   -1.2695   -1.2695   -1.2695   -1.2695   -1.2695   -1.2695   -1.2695   -1.2695   -1.2695   -1.2695   -1.2695   -1.2695   -1.2695
  117   -0.8332   -0.8332   -0.8332   -0.8332   -0.8332   -0.8332   -0.8332   -0.8332   -0.8332   -0.8332   -0.8332   -0.8332   -0.8332   -0.8332   -0.8332   -0.8332
  118   -0.4669   -0.4669   -0.4669   -0.4669   -0.4669   -0.4669   -0.4669   -0.4669   -0.4669   -0.4669   -0.4669   -0.4669   -0.4669   -0.4669   -0.4669   -0.4669
  119   -0.0246   -0.0246   -0.0246   -0.0246   -0.0246   -0.0246   -0.0246   -0.0246   -0.0246   -0.0246   -0.0246   -0.0246   -0.0246   -0.0246   -0.0246   -0.0246
  120    0.0869    0.0869    0.0869    0.0869    0.0869    0.0869    0.0869    0.0869    0.0869    0.0869    0.0869    0.0869    0.0869    0.0869    0.0869    0.0869
  121   -0.1068   -0.1068   -0.1068   -0.1068   -0.1068   -0.1068   -0.1068   -0.1068   -0.1068   -0.1068   -0.1068   -0.1068   -0.1068   -0.1068   -0.1068   -0.1068
  122   -0.5390   -0.5390   -0.5390   -0.5390   -0.5390   -0.5390   -0.5390   -0.5390   -0.5390   -0.5390   -0.5390   -0.5390   -0.5390   -0.5390   -0.5390   -0.5390
  123   -0.7907   -0.7907   -0.7907   -0.7907   -0.7907   -0.7907   -0.7907   -0.7907   -0.7907   -0.7907   -0.7907   -0.7907   -0.7907   -0.7907   -0.7907   -0.7907
  124   -0.9492   -0.9492   -0.9492   -0.9492   -0.9492   -0.9492   -0.9492   -0.9492   -0.9492   -0.9492   -0.9492   -0.9492   -0.9492   -0.9492   -0.9492   -0.9492
  125   -0.9877   -0.9877   -0.9877   -0.9877   -0.9877   -0.9877   -0.9877   -0.9877   -0.9877   -0.9877   -0.9877   -0.9877   -0.9877   -0.9877   -0.9877   -0.9877
  126   -0.6503   -0.6503   -0.6503   -0.6503   -0.6503   -0.6503   -0.6503   -0.6503   -0.6503   -0.6503   -0.6503   -0.6503   -0.6503   -0.6503   -0.6503   -0.6503
  127   -0.2359   -0.2359   -0.2359   -0.2359   -0.2359   -0.2359   -0.2359   -0.2359   -0.2359   -0.2359   -0.2359   -0.2359   -0.2359   -0.2359   -0.2359   -0.2359
  128    0.0653    0.0653    0.0653    0.0653    0.0653    0.0653    0.0653    0.0653    0.0653    0.0653    0.0653    0.0653    0.0653    0.0653    0.0653    0.0653
  129    0.2766    0.0751    0.1926    0.2260    0.2505    0.2708    0.2883    0.3035    0.3167    0.3282    0.3383    0.3471    0.3548    0.3615    0.3673    0.3725
  130    0.4333    0.0849    0.1915    0.2545    0.3086    0.3560    0.3972    0.4332    0.4645    0.4919    0.5157    0.5364    0.5546    0.5704    0.5842    0.5963
  131    0.4187    0.0947    0.1698    0.2560    0.3322    0.3991    0.4576    0.5087    0.5533    0.5923    0.6263    0.6560    0.6819    0.7046    0.7244    0.7417
  132    0.4581    0.1045    0.1756    0.2643    0.3412    0.4081    0.4664    0.5173    0.5618    0.6006    0.6346    0.6643    0.6902    0.7129    0.7327    0.7500
  133    0.3872    0.1142    0.1812    0.2414    0.2952    0.3421    0.3830    0.4188    0.4501    0.4774    0.5013    0.5221    0.5403    0.5562    0.5701    0.5823
  134    0.2521    0.1240    0.1563    0.1733    0.1936    0.2125    0.2294    0.2443    0.2574    0.2688    0.2789    0.2877    0.2954    0.3021    0.3080    0.3132
  135    0.1338    0.1338    0.1338    0.1338    0.1338    0.1338    0.1338    0.1338    0.1338    0.1338    0.1338    0.1338    0.1338    0.1338    0.1338    0.1338
  136    0.0609    0.0609    0.0609    0.0609    0.0609    0.0609    0.0609    0.0609    0.0609    0.0609    0.0609    0.0609    0.0609    0.0609    0.0609    0.0609
  137    0.1477    0.1477    0.1477    0.1477    0.1477    0.1477    0.1477    0.1477    0.1477    0.1477    0.1477    0.1477    0.1477    0.1477    0.1477    0.1477
  138    0.1919    0.1919    0.1919    0.1919    0.1919    0.1919    0.1919    0.1919    0.1919    0.1919    0.1919    0.1919    0.1919    0.1919    0.1919    0.1919
  139   -0.0739   -0.0739   -0.0739   -0.0739   -0.0739   -0.0739   -0.0739   -0.0739   -0.0739   -0.0739   -0.0739   -0.0739   -0.0739   -0.0739   -0.0739   -0.0739
  140   -0.3581   -0.3581   -0.3581   -0.3581   -0.3581   -0.3581   -0.3581   -0.3581   -0.3581   -0.3581   -0.3581   -0.3581   -0.3581   -0.3581   -0.3581   -0.3581
  141   -0.3771   -0.3771   -0.3771   -0.3771   -0.3771   -0.3771   -0.3771   -0.3771   -0.3771   -0.3771   -0.3771   -0.3771   -0.3771   -0.3771   -0.3771   -0.3771
  142   -0.1073   -0.1073   -0.1073   -0.1073   -0.1073   -0.1073   -0.1073   -0.1073   -0.1073   -0.1073   -0.1073   -0.1073   -0.1073   -0.1073   -0.1073   -0.1073
  143    0.3555    0.3555    0.3555    0.3555    0.3555    0.3555    0.3555    0.3555    0.3555    0.3555    0.3555    0.3555    0.3555    0.3555    0.3555    0.3555
  144    0.7039    0.7039    0.7039    0.7039    0.7039    0.7039    0.7039    0.7039    0.7039    0.7039    0.7039    0.7039    0.7039    0.7039    0.7039    0.7039
  145    0.8606    0.8606    0.8606    0.8606    0.8606    0.8606    0.8606    0.8606    0.8606    0.8606    0.8606    0.8606    0.8606    0.8606    0.8606    0.8606
  146    0.6735    0.6735    0.6735    0.6735    0.6735    0.6735    0.6735    0.6735    0.6735    0.6735    0.6735    0.6735    0.6735    0.6735    0.6735    0.6735
  147    0.1998    0.1998    0.1998    0.1998    0.1998    0.1998    0.1998    0.1998    0.1998    0.1998    0.1998    0.1998    0.1998    0.1998    0.1998    0.1998
  148   -0.1933   -0.1933   -0.1933   -0.1933   -0.1933   -0.1933   -0.1933   -0.1933   -0.1933   -0.1933   -0.1933   -0.1933   -0.1933   -0.1933   -0.1933   -0.1933
  149   -0.4989   -0.4989   -0.4989   -0.4989   -0.4989   -0.4989   -0.4989   -0.4989   -0.4989   -0.4989   -0.4989   -0.4989   -0.4989   -0.4989   -0.4989   -0.4989
  150   -0.5844   -0.5844   -0.5844   -0.5844   -0.5844   -0.5844   -0.5844   -0.5844   -0.5844   -0.5844   -0.5844   -0.5844   -0.5844   -0.5844   -0.5844   -0.5844
  151   -0.5851   -0.5851   -0.5851   -0.5851   -0.5851   -0.5851   -0.5851   -0.5851   -0.5851   -0.5851   -0.5851   -0.5851   -0.5851   -0.5851   -0.5851   -0.5851
  152   -0.5160   -0.5160   -0.5160   -0.5160   -0.5160   -0.5160   -0.5160   -0.5160   -0.5160   -0.5160   -0.5160   -0.5160   -0.5160   -0.5160   -0.5160   -0.5160
  153   -0.5934   -0.5934   -0.5934   -0.5934   -0.5934   -0.5934   -0.5934   -0.5934   -0.5934   -0.5934   -0.5934   -0.5934   -0.5934   -0.5934   -0.5934   -0.5934
  154   -0.7920   -0.5223   -0.6629   -0.7282   -0.7429   -0.7411   -0.7342   -0.7260   -0.7176   -0.7096   -0.7019   -0.6946   -0.6876   -0.6811   -0.6749   -0.6690
  155   -0.7623   -0.4513   -0.7053   -0.7959   -0.8079   -0.7948   -0.7744   -0.7525   -0.7308   -0.7100   -0.6902   -0.6714   -0.6536   -0.6367   -0.6207   -0.6055
  156   -0.6025   -0.3803   -0.6131   -0.6580   -0.6432   -0.6101   -0.5725   -0.5350   -0.4988   -0.4644   -0.4317   -0.4008   -0.3716   -0.3439   -0.3177   -0.2929
  157   -0.5212   -0.3093   -0.3243   -0.2701   -0.2183   -0.1689   -0.1220   -0.0775   -0.0353    0.0048    0.0427    0.0786    0.1126    0.1447    0.1752    0.2040
  158   -0.2681   -0.2383    0.0506    0.1903    0.2654    0.3175    0.3608    0.3998    0.4362    0.4705    0.5029    0.5336    0.5627    0.5903    0.6164    0.6412
  159   -0.0176   -0.1673    0.2819    0.4320    0.5004    0.5405    0.5705    0.5962    0.6196    0.6415    0.6620    0.6815    0.6998    0.7172    0.7336    0.7491
  160    0.1155   -0.0962    0.2450    0.3296    0.3638    0.3811    0.3928    0.4023    0.4109    0.4189    0.4265    0.4337    0.4406    0.4470    0.4532    0.4590
  161   -0.0252   -0.0252   -0.0252   -0.0252   -0.0252   -0.0252   -0.0252   -0.0252   -0.0252   -0.0252   -0.0252   -0.0252   -0.0252   -0.0252   -0.0252   -0.0252
  162   -0.4116   -0.4116   -0.4116   -0.4116   -0.4116   -0.4116   -0.4116   -0.4116   -0.4116   -0.4116   -0.4116   -0.4116   -0.4116   -0.4116   -0.4116   -0.4116
  163   -0.5701   -0.5701   -0.5701   -0.5701   -0.5701   -0.5701   -0.5701   -0.5701   -0.5701   -0.5701   -0.5701   -0.5701   -0.5701   -0.5701   -0.5701   -0.5701
  164   -0.3763   -0.3763   -0.3763   -0.3763   -0.3763   -0.3763   -0.3763   -0.3763   -0.3763   -0.3763   -0.3763   -0.3763   -0.3763   -0.3763   -0.3763   -0.3763
  165   -0.2604   -0.2604   -0.2604   -0.2604   -0.2604   -0.2604   -0.2604   -0.2604   -0.2604   -0.2604   -0.2604   -0.2604   -0.2604   -0.2604   -0.2604   -0.2604
  166   -0.2383   -0.2383   -0.2383   -0.2383   -0.2383   -0.2383   -0.2383   -0.2383   -0.2383   -0.2383   -0.2383   -0.2383   -0.2383   -0.2383   -0.2383   -0.2383
  167   -0.2005   -0.2005   -0.2005   -0.2005   -0.2005   -0.2005   -0.2005   -0.2005   -0.2005   -0.2005   -0.2005   -0.2005   -0.2005   -0.2005   -0.2005   -0.2005
  168    0.0677    0.0677    0.0677    0.0677    0.0677    0.0677    0.0677    0.0677    0.0677    0.0677    0.0677    0.0677    0.0677    0.0677    0.0677    0.0677
  169    0.4492    0.4492    0.4492    0.4492    0.4492    0.4492    0.4492    0.4492    0.4492    0.4492    0.4492    0.4492    0.4492    0.4492    0.4492    0.4492
  170    0.7098    0.7098    0.7098    0.7098    0.7098    0.7098    0.7098    0.7098    0.7098    0.7098    0.7098    0.7098    0.7098    0.7098    0.7098    0.7098
  171    0.9851    0.9851    0.9851    0.9851    0.9851    0.9851    0.9851    0.9851    0.9851    0.9851    0.9851    0.9851    0.9851    0.9851    0.9851    0.9851
  172    1.1174    1.1174    1.1174    1.1174    1.1174    1.1174    1.1174    1.1174    1.1174    1.1174    1.1174    1.1174    1.1174    1.1174    1.1174    1.1174
  173    1.1596    1.1596    1.1596    1.1596    1.1596    1.1596    1.1596    1.1596    1.1596    1.1596    1.1596    1.1596    1.1596    1.1596    1.1596    1.1596
  174    1.0740    1.0740    1.0740    1.0740    1.0740    1.0740    1.0740    1.0740    1.0740    1.0740    1.0740    1.0740    1.0740    1.0740    1.0740    1.0740
  175    0.9297    0.9297    0.9297    0.9297    0.9297    0.9297    0.9297    0.9297    0.9297    0.9297    0.9297    0.9297    0.9297    0.9297    0.9297    0.9297
  176    0.5618    0.5618    0.5618    0.5618    0.5618    0.5618    0.5618    0.5618    0.5618    0.5618    0.5618    0.5618    0.5618    0.5618    0.5618    0.5618
  177    0.0532    0.0532    0.0532    0.0532    0.0532    0.0532    0.0532    0.0532    0.0532    0.0532    0.0532    0.0532    0.0532    0.0532    0.0532    0.0532
  178   -0.6256   -0.6256   -0.6256   -0.6256   -0.6256   -0.6256   -0.6256   -0.6256   -0.6256   -0.6256   -0.6256   -0.6256   -0.6256   -0.6256   -0.6256   -0.6256
  179   -1.1110   -1.1110   -1.1110   -1.1110   -1.1110   -1.1110   -1.1110   -1.1110   -1.1110   -1.1110   -1.1110   -1.1110   -1.1110   -1.1110   -1.1110   -1.1110
  180   -1.3340   -0.9428   -1.2152   -1.2700   -1.3043   -1.3259   -1.3396   -1.3483   -1.3538   -1.3573   -1.3596   -1.3611   -1.3621   -1.3628   -1.3633   -1.3636
  181   -1.3628   -0.7745   -1.0107   -1.1125   -1.1774   -1.2188   -1.2452   -1.2620   -1.2729   -1.2800   -1.2846   -1.2878   -1.2900   -1.2915   -1.2927   -1.2937
  182   -1.4152   -0.6062   -0.6891   -0.7943   -0.8617   -0.9047   -0.9323   -0.9500   -0.9615   -0.9692   -0.9743   -0.9779   -0.9806   -0.9826   -0.9842   -0.9855
  183   -1.4516   -0.4380   -0.4208   -0.4680   -0.4984   -0.5182   -0.5312   -0.5400   -0.5460   -0.5504   -0.5537   -0.5564   -0.5585   -0.5604   -0.5621   -0.5637
  184   -1.0997   -0.2697   -0.2354   -0.1928   -0.1662   -0.1499   -0.1402   -0.1346   -0.1317   -0.1304   -0.1302   -0.1305   -0.1313   -0.1323   -0.1334   -0.1346
  185   -0.6204   -0.1014   -0.0309    0.0732    0.1384    0.1791    0.2042    0.2195    0.2287    0.2340    0.2368    0.2382    0.2386    0.2384    0.2379    0.2371
  186   -0.1527    0.0668    0.2207    0.3215    0.3853    0.4252    0.4502    0.4657    0.4752    0.4809    0.4843    0.4861    0.4871    0.4874    0.4874    0.4872
  187    0.2852    0.2351    0.4148    0.4658    0.4988    0.5197    0.5329    0.5411    0.5461    0.5492    0.5510    0.5521    0.5527    0.5530    0.5530    0.5530
  188    0.4034    0.4034    0.4034    0.4034    0.4034    0.4034    0.4034    0.4034    0.4034    0.4034    0.4034    0.4034    0.4034    0.4034    0.4034    0.4034
  189    0.1733    0.1733    0.1733    0.1733    0.1733    0.1733    0.1733    0.1733    0.1733    0.1733    0.1733    0.1733    0.1733    0.1733    0.1733    0.1733
  190   -0.1561   -0.1561   -0.1561   -0.1561   -0.1561   -0.1561   -0.1561   -0.1561   -0.1561   -0.1561   -0.1561   -0.1561   -0.1561   -0.1561   -0.1561   -0.1561
  191   -0.3532   -0.3532   -0.3532   -0.3532   -0.3532   -0.3532   -0.3532   -0.3532   -0.3532   -0.3532   -0.3532   -0.3532   -0.3532   -0.3532   -0.3532   -0.3532
  192   -0.3438   -0.3438   -0.3438   -0.3438   -0.3438   -0.3438   -0.3438   -0.3438   -0.3438   -0.3438   -0.3438   -0.3438   -0.3438   -0.3438   -0.3438   -0.3438
  193   -0.4136   -0.4136   -0.4136   -0.4136   -0.4136   -0.4136   -0.4136   -0.4136   -0.4136   -0.4136   -0.4136   -0.4136   -0.4136   -0.4136   -0.4136   -0.4136
  194   -0.4816   -0.4816   -0.4816   -0.4816   -0.4816   -0.4816   -0.4816   -0.4816   -0.4816   -0.4816   -0.4816   -0.4816   -0.4816   -0.4816   -0.4816   -0.4816
  195   -0.4953   -0.4953   -0.4953   -0.4953   -0.4953   -0.4953   -0.4953   -0.4953   -0.4953   -0.4953   -0.4953   -0.4953   -0.4953   -0.4953   -0.4953   -0.4953
  196   -0.4556   -0.4556   -0.4556   -0.4556   -0.4556   -0.4556   -0.4556   -0.4556   -0.4556   -0.4556   -0.4556   -0.4556   -0.4556   -0.4556   -0.4556   -0.4556
  197   -0.4340   -0.4340   -0.4340   -0.4340   -0.4340   -0.4340   -0.4340   -0.4340   -0.4340   -0.4340   -0.4340   -0.4340   -0.4340   -0.4340   -0.4340   -0.4340
  198   -0.3711   -0.3711   -0.3711   -0.3711   -0.3711   -0.3711   -0.3711   -0.3711   -0.3711   -0.3711   -0.3711   -0.3711   -0.3711   -0.3711   -0.3711   -0.3711
  199   -0.3121   -0.3121   -0.3121   -0.3121   -0.3121   -0.3121   -0.3121   -0.3121   -0.3121   -0.3121   -0.3121   -0.3121   -0.3121   -0.3121   -0.3121   -0.3121
  200   -0.0029   -0.0029   -0.0029   -0.0029   -0.0029   -0.0029   -0.0029   -0.0029   -0.0029   -0.0029   -0.0029   -0.0029   -0.0029   -0.0029   -0.0029   -0.0029
  201    0.3637    0.3637    0.3637    0.3637    0.3637    0.3637    0.3637    0.3637    0.3637    0.3637    0.3637    0.3637    0.3637    0.3637    0.3637    0.3637
  202    0.6420    0.6420    0.6420    0.6420    0.6420    0.6420    0.6420    0.6420    0.6420    0.6420    0.6420    0.6420    0.6420    0.6420    0.6420    0.6420
  203    0.8716    0.8716    0.8716    0.8716    0.8716    0.8716    0.8716    0.8716    0.8716    0.8716    0.8716    0.8716    0.8716    0.8716    0.8716    0.8716
  204    0.8436    0.8436    0.8436    0.8436    0.8436    0.8436    0.8436    0.8436    0.8436    0.8436    0.8436    0.8436    0.8436    0.8436    0.8436    0.8436
  205    0.5095    0.5095    0.5095    0.5095    0.5095    0.5095    0.5095    0.5095    0.5095    0.5095    0.5095    0.5095    0.5095    0.5095    0.5095    0.5095
  206    0.2141    0.2141    0.2141    0.2141    0.2141    0.2141    0.2141    0.2141    0.2141    0.2141    0.2141    0.2141    0.2141    0.2141    0.2141    0.2141
  207    0.0162    0.0162    0.0162    0.0162    0.0162    0.0162    0.0162    0.0162    0.0162    0.0162    0.0162    0.0162    0.0162    0.0162    0.0162    0.0162
  208    0.3131    0.3131    0.3131    0.3131    0.3131    0.3131    0.3131    0.3131    0.3131    0.3131    0.3131    0.3131    0.3131    0.3131    0.3131    0.3131
  209    0.7108    0.7108    0.7108    0.7108    0.7108    0.7108    0.7108    0.7108    0.7108    0.7108    0.7108    0.7108    0.7108    0.7108    0.7108    0.7108
  210    0.7676    0.7676    0.7676    0.7676    0.7676    0.7676    0.7676    0.7676    0.7676    0.7676    0.7676    0.7676    0.7676    0.7676    0.7676    0.7676
  211    0.6988    0.6988    0.6988    0.6988    0.6988    0.6988    0.6988    0.6988    0.6988    0.6988    0.6988    0.6988    0.6988    0.6988    0.6988    0.6988
  212    0.6240    0.6240    0.6240    0.6240    0.6240    0.6240    0.6240    0.6240    0.6240    0.6240    0.6240    0.6240    0.6240    0.6240    0.6240    0.6240
  213    0.5424    0.5424    0.5424    0.5424    0.5424    0.5424    0.5424    0.5424    0.5424    0.5424    0.5424    0.5424    0.5424    0.5424    0.5424    0.5424
  214    0.4814    0.4814    0.4814    0.4814    0.4814    0.4814    0.4814    0.4814    0.4814    0.4814    0.4814    0.4814    0.4814    0.4814    0.4814    0.4814
  215    0.3586    0.3586    0.3586    0.3586    0.3586    0.3586    0.3586    0.3586    0.3586    0.3586    0.3586    0.3586    0.3586    0.3586    0.3586    0.3586
  216    0.2801    0.2801    0.2801    0.2801    0.2801    0.2801    0.2801    0.2801    0.2801    0.2801    0.2801    0.2801    0.2801    0.2801    0.2801    0.2801
  217    0.4104    0.4104    0.4104    0.4104    0.4104    0.4104    0.4104    0.4104    0.4104    0.4104    0.4104    0.4104    0.4104    0.4104    0.4104    0.4104
  218    0.5896    0.5896    0.5896    0.5896    0.5896    0.5896    0.5896    0.5896    0.5896    0.5896    0.5896    0.5896    0.5896    0.5896    0.5896    0.5896
  219    0.7984    0.7984    0.7984    0.7984    0.7984    0.7984    0.7984    0.7984    0.7984    0.7984    0.7984    0.7984    0.7984    0.7984    0.7984    0.7984
  220    0.8297    0.8297    0.8297    0.8297    0.8297    0.8297    0.8297    0.8297    0.8297    0.8297    0.8297    0.8297    0.8297    0.8297    0.8297    0.8297
  221    0.8161    0.8161    0.8161    0.8161    0.8161    0.8161    0.8161    0.8161    0.8161    0.8161    0.8161    0.8161    0.8161    0.8161    0.8161    0.8161
  222    1.0542    1.0542    1.0542    1.0542    1.0542    1.0542    1.0542    1.0542    1.0542    1.0542    1.0542    1.0542    1.0542    1.0542    1.0542    1.0542
  223    1.5406    1.5406    1.5406    1.5406    1.5406    1.5406    1.5406    1.5406    1.5406    1.5406    1.5406    1.5406    1.5406    1.5406    1.5406    1.5406
  224    2.1492    2.1492    2.1492    2.1492    2.1492    2.1492    2.1492    2.1492    2.1492    2.1492    2.1492    2.1492    2.1492    2.1492    2.1492    2.1492
  225    2.7141    2.7141    2.7141    2.7141    2.7141    2.7141    2.7141    2.7141    2.7141    2.7141    2.7141    2.7141    2.7141    2.7141    2.7141    2.7141
  226    3.0058    3.0058    3.0058    3.0058    3.0058    3.0058    3.0058    3.0058    3.0058    3.0058    3.0058    3.0058    3.0058    3.0058    3.0058    3.0058
  227    2.8661    2.8661    2.8661    2.8661    2.8661    2.8661    2.8661    2.8661    2.8661    2.8661    2.8661    2.8661    2.8661    2.8661    2.8661    2.8661
  228    2.5797    2.5797    2.5797    2.5797    2.5797    2.5797    2.5797    2.5797    2.5797    2.5797    2.5797    2.5797    2.5797    2.5797    2.5797    2.5797
  229    2.0013    2.0013    2.0013    2.0013    2.0013    2.0013    2.0013    2.0013    2.0013    2.0013    2.0013    2.0013    2.0013    2.0013    2.0013    2.0013
  230    1.4265    1.4265    1.4265    1.4265    1.4265    1.4265    1.4265    1.4265    1.4265    1.4265    1.4265    1.4265    1.4265    1.4265    1.4265    1.4265
  231    1.1960    1.1960    1.1960    1.1960    1.1960    1.1960    1.1960    1.1960    1.1960    1.1960    1.1960    1.1960    1.1960    1.1960    1.1960    1.1960
  232    0.9987    0.9987    0.9987    0.9987    0.9987    0.9987    0.9987    0.9987    0.9987    0.9987    0.9987    0.9987    0.9987    0.9987    0.9987    0.9987
  233    0.9820    0.9820    0.9820    0.9820    0.9820    0.9820    0.9820    0.9820    0.9820    0.9820    0.9820    0.9820    0.9820    0.9820    0.9820    0.9820
  234    0.7381    0.7381    0.7381    0.7381    0.7381    0.7381    0.7381    0.7381    0.7381    0.7381    0.7381    0.7381    0.7381    0.7381    0.7381    0.7381
  235    0.2640    0.2640    0.2640    0.2640    0.2640    0.2640    0.2640    0.2640    0.2640    0.2640    0.2640    0.2640    0.2640    0.2640    0.2640    0.2640
  236   -0.0668   -0.0668   -0.0668   -0.0668   -0.0668   -0.0668   -0.0668   -0.0668   -0.0668   -0.0668   -0.0668   -0.0668   -0.0668   -0.0668   -0.0668   -0.0668
  237   -0.1101   -0.1101   -0.1101   -0.1101   -0.1101   -0.1101   -0.1101   -0.1101   -0.1101   -0.1101   -0.1101   -0.1101   -0.1101   -0.1101   -0.1101   -0.1101
  238   -0.0109   -0.0109   -0.0109   -0.0109   -0.0109   -0.0109   -0.0109   -0.0109   -0.0109   -0.0109   -0.0109   -0.0109   -0.0109   -0.0109   -0.0109   -0.0109
  239   -0.0224   -0.0224   -0.0224   -0.0224   -0.0224   -0.0224   -0.0224   -0.0224   -0.0224   -0.0224   -0.0224   -0.0224   -0.0224   -0.0224   -0.0224   -0.0224
  240   -0.3196   -0.3196   -0.3196   -0.3196   -0.3196   -0.3196   -0.3196   -0.3196   -0.3196   -0.3196   -0.3196   -0.3196   -0.3196   -0.3196   -0.3196   -0.3196
  241   -0.8673   -0.8673   -0.8673   -0.8673   -0.8673   -0.8673   -0.8673   -0.8673   -0.8673   -0.8673   -0.8673   -0.8673   -0.8673   -0.8673   -0.8673   -0.8673
  242   -1.2620   -1.2620   -1.2620   -1.2620   -1.2620   -1.2620   -1.2620   -1.2620   -1.2620   -1.2620   -1.2620   -1.2620   -1.2620   -1.2620   -1.2620   -1.2620
  243   -1.3295   -1.3295   -1.3295   -1.3295   -1.3295   -1.3295   -1.3295   -1.3295   -1.3295   -1.3295   -1.3295   -1.3295   -1.3295   -1.3295   -1.3295   -1.3295
  244   -1.2816   -1.2816   -1.2816   -1.2816   -1.2816   -1.2816   -1.2816   -1.2816   -1.2816   -1.2816   -1.2816   -1.2816   -1.2816   -1.2816   -1.2816   -1.2816
  245   -1.1449   -1.1449   -1.1449   -1.1449   -1.1449   -1.1449   -1.1449   -1.1449   -1.1449   -1.1449   -1.1449   -1.1449   -1.1449   -1.1449   -1.1449   -1.1449
  246   -1.0060   -1.0060   -1.0060   -1.0060   -1.0060   -1.0060   -1.0060   -1.0060   -1.0060   -1.0060   -1.0060   -1.0060   -1.0060   -1.0060   -1.0060   -1.0060
  247   -0.8770   -0.8770   -0.8770   -0.8770   -0.8770   -0.8770   -0.8770   -0.8770   -0.8770   -0.8770   -0.8770   -0.8770   -0.8770   -0.8770   -0.8770   -0.8770
  248   -0.7515   -0.7515   -0.7515   -0.7515   -0.7515   -0.7515   -0.7515   -0.7515   -0.7515   -0.7515   -0.7515   -0.7515   -0.7515   -0.7515   -0.7515   -0.7515
  249   -0.6280   -0.6280   -0.6280   -0.6280   -0.6280   -0.6280   -0.6280   -0.6280   -0.6280   -0.6280   -0.6280   -0.6280   -0.6280   -0.6280   -0.6280   -0.6280
  250   -0.4722   -0.4722   -0.4722   -0.4722   -0.4722   -0.4722   -0.4722   -0.4722   -0.4722   -0.4722   -0.4722   -0.4722   -0.4722   -0.4722   -0.4722   -0.4722
  251   -0.4204   -0.4204   -0.4204   -0.4204   -0.4204   -0.4204   -0.4204   -0.4204   -0.4204   -0.4204   -0.4204   -0.4204   -0.4204   -0.4204   -0.4204   -0.4204
  252   -0.3126   -0.3126   -0.3126   -0.3126   -0.3126   -0.3126   -0.3126   -0.3126   -0.3126   -0.3126   -0.3126   -0.3126   -0.3126   -0.3126   -0.3126   -0.3126
  253   -0.3739   -0.3739   -0.3739   -0.3739   -0.3739   -0.3739   -0.3739   -0.3739   -0.3739   -0.3739   -0.3739   -0.3739   -0.3739   -0.3739   -0.3739   -0.3739
  254   -0.5189   -0.5189   -0.5189   -0.5189   -0.5189   -0.5189   -0.5189   -0.5189   -0.5189   -0.5189   -0.5189   -0.5189   -0.5189   -0.5189   -0.5189   -0.5189
  255   -0.5127   -0.5127   -0.5127   -0.5127   -0.5127   -0.5127   -0.5127   -0.5127   -0.5127   -0.5127   -0.5127   -0.5127   -0.5127   -0.5127   -0.5127   -0.5127
